2.00	0.40	2.00	0.80
2.00	0.80	2.40	0.80
2.40	0.80	2.40	0.40
2.40	0.40	2.00	0.40
			
			
2.20	1.90	2.50	1.90
2.50	1.90	2.50	1.88
2.50	1.88	2.20	1.88
2.20	1.88	2.20	1.90
			
2.90	1.90	3.20	1.90
			
3.20	1.88	2.90	1.88
2.90	1.88	2.90	1.90
			
2.20	2.32	2.50	2.32
2.50	2.32	2.50	2.30
2.50	2.30	2.20	2.30
2.20	2.30	2.20	2.32
			
2.90	2.32	3.20	2.32
			
3.20	2.30	2.90	2.30
2.90	2.30	2.90	2.32
			
3.20	1.88	3.20	2.32
3.18	1.90	3.18	2.30
			
2.35	1.95	2.35	2.25
			
4.15	2.55	4.13	2.55
4.13	2.55	4.13	2.57
4.13	2.57	4.15	2.57
4.15	2.57	4.15	2.55
			
4.60	2.55	4.62	2.55
4.62	2.55	4.62	2.57
4.62	2.57	4.60	2.57
4.60	2.57	4.60	2.55
			
			
6.425	1.45	6.445	1.45
6.445	1.45	6.445	1.47
6.445	1.47	6.425	1.47
6.425	1.47	6.425	1.45
			
4.325	1.45	4.305	1.45
4.305	1.45	4.305	1.47
4.305	1.47	4.325	1.47
4.325	1.47	4.325	1.45
			
4.75	1.45	6.00	1.45
6.00	1.45	6.00	1.47
6.00	1.47	4.75	1.47
4.75	1.47	4.75	1.45
			
			
7.10	0.90	7.10	0.92
7.10	0.92	7.12	0.92
7.12	0.92	7.12	0.90
7.12	0.90	7.10	0.90
			
7.40	0.60	7.40	0.62
7.40	0.62	7.42	0.62
7.42	0.62	7.42	0.60
7.42	0.60	7.40	0.60
			
			
8.90	0.90	8.90	0.92
8.90	0.92	8.92	0.92
8.92	0.92	8.92	0.90
8.92	0.90	8.90	0.90
			
8.60	0.60	8.60	0.62
8.60	0.62	8.62	0.62
8.62	0.62	8.62	0.60
8.62	0.60	8.60	0.60
			
			
8.6000	3.2425	8.6000	2.5675
			
8.6000	3.2425	8.0000	3.2425
8.0000	3.2425	8.0000	2.7575
8.0000	2.7575	8.6000	2.7575
8.6000	2.7575	8.6000	2.7775
8.6000	2.7775	8.5800	2.7775
8.5800	2.7775	8.5800	3.2225
8.5800	3.2225	8.6000	3.2225
8.6000	3.2225	8.6000	3.2425
