0.0	0.0	0.0	0.3
0.0	0.3	0.3	0.6
0.3	0.6	0.6	0.6
0.6	0.6	2.0	0.6
 	 	 	
0.6	0.6	0.9	0.9
0.9	0.9	0.9	1.2
0.9	1.2	0.9	1.8
0.9	1.8	1.2	2.1
1.2	2.1	2.7	2.1
2.7	2.1	3.1	2.1
 	 	 	
0.6	1.2	0.9	1.2
0.9	1.2	2.4	1.2
2.4	1.2	2.7	1.5
2.7	1.5	2.7	1.8
2.7	1.8	2.7	2.7
2.7	2.7	3.0	3.0
3.0	3.0	3.3	3.0
3.3	3.0	5.9	3.0
5.9	3.0	6.2	2.7
6.2	2.7	6.2	0.3
 	 	 	
3.3	2.8	3.3	3.2
 	 	 	
5.9	0.6	6.8	0.6
 	 	 	
6.5	0.6	7.1	0.6
7.1	0.6	7.4	0.9
7.4	0.9	7.4	1.2
7.4	1.2	7.7	1.5
7.7	1.5	8.3	1.5
8.3	1.5	8.6	1.2
8.6	1.2	8.6	0.9
8.6	0.9	8.9	0.6
8.9	0.6	9.5	0.6
			
6.8	0.4	6.8	0.8
			
9.5	0.4	9.5	0.8
			
9.5	0.6	10.1	0.6
			
9.8	0.3	9.8	2.7
9.8	2.7	9.5	3.0
9.5	3.0	8.1	3.0
