2.1	3.7	2.5	3.7
2.5	3.7	2.5	4.1
2.5	4.1	2.1	4.1
2.1	4.1	2.1	3.7




3.68	4.9	3.68	5.2
3.68	5.2	3.70	5.2
3.70	5.2	3.70	4.9
3.70	4.9	3.68	4.9

3.68	5.6	3.68	6.11
3.68	6.11	4.12	6.11
4.12	6.11	4.12	5.6
4.12	5.6	4.1	5.6
4.1	5.6	4.1	6.09
4.1	6.09	3.7	6.09
3.7	6.09	3.7	5.6
3.7	5.6	3.68	5.6

4.1	4.9	4.1	5.2
4.1	5.2	4.12	5.2
4.12	5.2	4.12	4.9
4.12	4.9	4.1	4.9


3.75	5.05	3.75	5.07
3.75	5.07	4.05	5.07
4.05	5.07	4.05	5.05
4.05	5.05	3.75	5.05




4.83	1.5	4.16	1.5


4.16	1.5	4.16	0.9
4.16	0.9	4.64	0.9
4.64	0.9	4.62	1.5
4.62	1.5	4.62	0.92
4.62	0.92	4.18	0.92
4.18	0.92	4.18	1.5
4.18	1.5	4.16	1.5



5.45	2.35	5.43	2.35
5.43	2.35	5.43	2.33
5.43	2.33	5.45	2.33
5.45	2.33	5.45	2.35

5.75	2.65	5.77	2.65
5.77	2.65	5.77	2.67
5.77	2.67	5.75	2.67
5.75	2.67	5.75	2.65



7.35	2.85	7.35	2.87
7.35	2.87	7.33	2.87
7.33	2.87	7.33	2.85
7.33	2.85	7.35	2.85

7.65	2.55	7.67	2.55
7.67	2.55	7.67	2.53
7.67	2.53	7.65	2.53
7.65	2.53	7.65	2.55



8.625	4.1	8.645	4.1
8.645	4.1	8.645	4.12
8.645	4.12	8.625	4.12
8.625	4.12	8.625	4.1

8.175	4.1	6.91	4.1
6.91	4.1	6.91	4.12
6.91	4.12	8.175	4.12
8.175	4.12	8.175	4.1

6.46	4.1	6.46	4.12
6.46	4.1	6.44	4.12
6.44	4.1	6.44	4.1
6.44	4.1	6.46	4.1



7.425	5.3	7.425	5.32
7.425	5.32	7.445	5.32
7.445	5.32	7.445	5.3
7.445	5.3	7.425	5.3

6.975	5.3	6.955	5.3
6.955	5.3	6.955	5.32
6.955	5.32	6.975	5.32
6.975	5.32	6.975	5.3


