0.009985 0 0.000000 0.000000 0.000000
0.030046 0 0.000000 0.000000 0.000000
0.070103 0 0.000000 0.000000 0.000000
0.090149 1 0.000000 0.000000 0.000000
0.110148 2 0.000000 0.000000 0.000000
0.130146 3 0.000000 0.000000 0.000000
0.150149 4 0.000052 -0.000000 -0.000386
0.170138 5 0.000155 -0.000000 -0.000386
0.190172 6 0.000412 -0.000000 -0.000773
0.210153 7 0.000773 -0.000001 -0.001932
0.230107 8 0.001186 -0.000002 -0.002705
0.250160 9 0.001753 -0.000004 -0.003092
0.280139 10 0.002784 -0.000008 -0.003865
0.300176 11 0.003609 -0.000011 -0.003865
0.320139 12 0.004692 -0.000016 -0.004251
0.340136 13 0.005878 -0.000021 -0.004638
0.350138 14 0.006651 -0.000024 -0.004251
0.370147 15 0.008301 -0.000034 -0.005797
0.390129 16 0.010157 -0.000046 -0.006570
0.410127 17 0.012323 -0.000064 -0.008116
0.430149 18 0.014849 -0.000089 -0.010048
0.450148 19 0.017684 -0.000125 -0.012753
0.470158 20 0.020881 -0.000173 -0.015072
0.490150 21 0.024541 -0.000241 -0.018550
0.510149 22 0.028458 -0.000326 -0.021642
0.530173 23 0.032737 -0.000430 -0.024347
0.550174 24 0.037375 -0.000561 -0.028212
0.570163 25 0.042219 -0.000717 -0.032076
0.590164 26 0.047423 -0.000906 -0.036327
0.610178 27 0.052215 -0.001078 -0.035941
0.630143 28 0.057831 -0.001300 -0.039419
0.650175 29 0.063960 -0.001586 -0.046762
0.670187 30 0.070241 -0.001924 -0.053718
0.690187 31 0.076777 -0.002324 -0.061061
0.710190 32 0.083464 -0.002779 -0.068017
0.730188 33 0.090302 -0.003290 -0.074587
0.750142 34 0.097239 -0.003860 -0.081929
0.770161 35 0.104275 -0.004484 -0.088499
0.790113 36 0.111461 -0.005172 -0.095456
0.810169 37 0.118539 -0.005894 -0.101639
0.830151 38 0.125209 -0.006559 -0.099320
0.850170 39 0.132032 -0.007247 -0.100479
0.870164 40 0.138548 -0.007891 -0.098547
0.890160 41 0.145219 -0.008540 -0.097001
0.910133 42 0.151738 -0.009162 -0.095069
0.930161 43 0.158411 -0.009793 -0.094296
0.950164 44 0.164932 -0.010387 -0.090818
0.970161 45 0.171456 -0.010953 -0.086567
0.980123 46 0.174795 -0.011236 -0.084635
1.000165 47 0.180962 -0.011730 -0.079997
1.020123 48 0.187389 -0.012218 -0.075746
1.040142 49 0.193663 -0.012670 -0.071881
1.060115 50 0.199681 -0.013078 -0.067630
1.080165 51 0.205497 -0.013433 -0.061061
1.100163 52 0.211726 -0.013773 -0.054491
1.120162 53 0.217752 -0.014053 -0.046375
1.140166 54 0.223831 -0.014302 -0.040965
1.160196 55 0.229860 -0.014514 -0.035168
1.180126 56 0.236199 -0.014705 -0.030144
1.200260 57 0.242745 -0.014864 -0.024347
1.220168 58 0.249292 -0.014981 -0.017777
1.240155 59 0.256252 -0.015070 -0.012753
1.270170 60 0.265687 -0.015055 0.001546
1.290154 61 0.272751 -0.015003 0.007343
1.310159 62 0.279762 -0.014919 0.011980
1.330160 63 0.286877 -0.014801 0.016618
1.350286 64 0.294042 -0.014646 0.021642
1.370286 65 0.301257 -0.014456 0.026279
1.390187 66 0.308421 -0.014237 0.030530
1.410254 67 0.315687 -0.013990 0.034008
1.430187 68 0.322900 -0.013717 0.037873
1.450167 69 0.330267 -0.013418 0.040578
1.470133 70 0.337633 -0.013104 0.042511
1.490220 71 0.344998 -0.012771 0.045216
1.500134 72 0.348913 -0.012588 0.046762
1.520121 73 0.355968 -0.012239 0.049467
1.540184 74 0.363228 -0.011860 0.052172
1.560188 75 0.370590 -0.011455 0.054877
1.580147 76 0.377951 -0.011036 0.056810
1.600113 77 0.385208 -0.010615 0.057969
1.620246 78 0.392311 -0.010198 0.058742
1.640142 79 0.399620 -0.009762 0.059515
1.660121 80 0.407082 -0.009309 0.060674
1.680192 81 0.414596 -0.008858 0.059901
1.700095 82 0.421854 -0.008431 0.058742
1.720112 83 0.428905 -0.008019 0.058355
1.740143 84 0.435957 -0.007605 0.058742
1.760063 85 0.443162 -0.007175 0.059515
1.780084 86 0.450574 -0.006734 0.059515
1.800138 87 0.457779 -0.006304 0.059515
1.820079 88 0.464882 -0.005881 0.059515
1.840096 89 0.471313 -0.005461 0.065312
1.860099 90 0.478567 -0.004978 0.066471
1.880086 91 0.486078 -0.004483 0.065698
1.900118 92 0.493333 -0.004015 0.064539
1.920118 93 0.500640 -0.003554 0.062993
1.940144 94 0.507947 -0.003098 0.062220
1.960225 95 0.515255 -0.002649 0.061447
2.010118 96 0.533581 -0.001621 0.056037
2.030108 97 0.540738 -0.001244 0.052558
2.050120 0 0.547690 -0.000897 0.049853
2.070128 0 0.554487 -0.000553 0.050626
2.090117 1 0.558553 -0.000298 0.062606
2.110086 2 0.562568 -0.000075 0.055650
2.130096 3 0.565554 0.000092 0.055650
2.150105 4 0.568849 0.000258 0.050240
2.170105 5 0.571733 0.000405 0.051013
2.190120 6 0.574617 0.000545 0.048694
2.210110 7 0.576419 0.000632 0.048307
2.230125 8 0.577913 0.000703 0.047148
2.250121 9 0.579098 0.000758 0.046762
2.280124 10 0.580694 0.000828 0.043283
2.300122 11 0.581364 0.000855 0.040578
2.320127 12 0.582343 0.000890 0.036327
2.340125 13 0.583013 0.000913 0.034395
2.360119 14 0.583838 0.000940 0.032076
2.380096 15 0.584507 0.000961 0.031690
2.400105 16 0.585538 0.000993 0.030917
2.420131 17 0.586930 0.001035 0.030530
2.440124 18 0.588579 0.001086 0.030530
2.460119 19 0.590640 0.001147 0.029757
2.480095 20 0.593114 0.001219 0.028984
2.500098 21 0.595949 0.001300 0.028598
2.520094 22 0.599247 0.001392 0.027825
2.540108 23 0.603010 0.001492 0.026666
2.560124 24 0.607185 0.001599 0.025506
2.580105 25 0.611824 0.001706 0.023188
2.600124 26 0.616618 0.001808 0.021255
2.620125 27 0.621566 0.001909 0.020482
2.640126 28 0.626567 0.002006 0.019323
2.660143 29 0.631928 0.002101 0.017777
2.680139 30 0.637599 0.002198 0.017004
2.700158 31 0.643631 0.002289 0.015072
2.720139 32 0.649869 0.002376 0.013913
2.740104 33 0.656416 0.002464 0.013526
2.760122 34 0.663170 0.002548 0.012367
2.780121 35 0.669408 0.002656 0.017391
2.800107 36 0.676419 0.002784 0.018164
2.820123 37 0.683842 0.002907 0.016618
2.840123 38 0.691369 0.003026 0.015845
2.860123 39 0.699102 0.003143 0.015072
2.880123 40 0.706784 0.003250 0.013913
2.900124 41 0.714568 0.003349 0.012753
2.920084 42 0.722353 0.003439 0.011594
2.940147 43 0.730138 0.003514 0.009661
2.960141 44 0.737924 0.003581 0.008502
2.980107 45 0.745606 0.003637 0.007343
3.000128 46 0.753133 0.003692 0.007343
3.020115 47 0.760712 0.003751 0.007729
3.040124 48 0.768137 0.003802 0.006956
3.060120 49 0.775406 0.003850 0.006570
3.080095 50 0.782418 0.003907 0.008116
3.100116 51 0.789430 0.003964 0.008116
3.120126 52 0.795617 0.004029 0.010434
3.140127 53 0.801804 0.004084 0.008889
3.160107 54 0.807372 0.004142 0.010434
3.180145 55 0.813095 0.004204 0.010821
3.200127 56 0.818560 0.004267 0.011594
3.220093 57 0.823406 0.004319 0.010821
3.240136 58 0.827685 0.004364 0.010434
3.260128 59 0.831604 0.004402 0.009661
3.280090 60 0.835264 0.004442 0.010821
3.300103 61 0.838821 0.004476 0.009661
3.320137 62 0.841760 0.004505 0.010048
3.350133 63 0.845421 0.004544 0.010434
3.380099 64 0.848617 0.004577 0.010434
3.400086 65 0.850422 0.004595 0.010048
3.420124 66 0.851659 0.004609 0.010821
3.450139 0 0.852845 0.004622 0.011207
3.470137 0 0.853309 0.004627 0.011594
3.490118 1 0.853567 0.004630 0.011207
3.510066 2 0.853515 0.004629 0.011594
3.530078 3 0.853464 0.004629 0.011980
3.550088 4 0.853360 0.004628 0.011980
3.570085 5 0.853360 0.004628 0.011980
3.590077 6 0.853309 0.004627 0.012367
3.610113 7 0.853309 0.004627 0.012367
3.630110 8 0.853360 0.004628 0.011980
3.650112 9 0.853360 0.004628 0.011980
3.670106 10 0.853360 0.004628 0.011980
3.690159 11 0.853309 0.004627 0.012367
3.710157 12 0.853309 0.004627 0.012367
3.730097 13 0.853309 0.004627 0.012367
3.750129 14 0.853309 0.004627 0.012367
3.770082 15 0.853309 0.004627 0.012367
3.790135 16 0.853309 0.004627 0.012367
3.810154 17 0.853309 0.004627 0.012367
3.830181 18 0.853309 0.004627 0.012367
3.850178 19 0.853309 0.004627 0.012367
3.870139 20 0.853309 0.004627 0.012367
3.890167 21 0.853309 0.004627 0.012367
3.910137 22 0.853309 0.004627 0.012367
3.930175 23 0.853309 0.004627 0.012367
3.950155 24 0.853309 0.004627 0.012367
3.970150 25 0.853309 0.004627 0.012367
3.990102 26 0.853309 0.004627 0.012367
4.010116 0 0.853309 0.004627 0.012367
4.030145 0 0.853309 0.004627 0.012367
4.050165 1 0.853360 0.004628 0.011980
4.070097 2 0.854804 0.004625 -0.001932
4.090111 3 0.855165 0.004620 -0.012367
4.110154 4 0.855732 0.004606 -0.025893
4.130118 5 0.856247 0.004581 -0.047535
4.150112 6 0.856710 0.004549 -0.068790
4.170138 7 0.857018 0.004519 -0.096615
4.190132 8 0.856864 0.004538 -0.123281
4.210137 9 0.856610 0.004578 -0.155357
4.230157 10 0.856761 0.004549 -0.192843
4.250127 11 0.856711 0.004561 -0.233422
4.270149 12 0.856810 0.004532 -0.277478
4.290081 13 0.856908 0.004500 -0.323853
4.310116 14 0.857100 0.004425 -0.371774
4.330112 15 0.857382 0.004297 -0.424333
4.350150 16 0.857840 0.004060 -0.478437
4.370089 17 0.858240 0.003824 -0.533701
4.420182 18 0.859243 0.003015 -0.678623
4.440151 19 0.859663 0.002633 -0.737751
4.460155 20 0.860203 0.002080 -0.796880
4.490108 21 0.860921 0.001202 -0.885765
4.510131 22 0.861253 0.000742 -0.944121
4.530079 23 0.861559 0.000265 -1.001703
4.550081 24 0.861813 -0.000184 -1.056580
4.570115 25 0.862133 -0.000831 -1.110685
4.590112 26 0.862256 -0.001115 -1.162470
4.610126 27 0.862399 -0.001502 -1.215802
4.630103 28 0.862368 -0.001404 -1.263723
4.650177 29 0.862448 -0.001702 -1.309325
4.670138 30 0.862471 -0.001803 -1.352608
4.690145 31 0.862516 -0.002057 -1.394732
4.710118 32 0.862516 -0.002057 -1.434151
4.730087 33 0.862485 -0.001749 -1.470479
4.750145 34 0.862471 -0.001543 -1.502941
4.770079 35 0.862461 -0.001286 -1.532699
4.790087 36 0.862458 -0.001079 -1.558978
4.800074 37 0.862458 -0.000564 -1.569026
4.820055 38 0.862471 0.000209 -1.587962
4.840073 0 0.862492 0.000879 -1.602261
4.860094 0 0.862508 0.001240 -1.615014
4.880153 1 0.862527 0.001600 -1.623903
4.900110 2 0.862548 0.001961 -1.628154
4.920141 3 0.862566 0.002269 -1.631246
4.940160 4 0.862570 0.002321 -1.632405
4.960151 5 0.862570 0.002321 -1.632405
4.980135 6 0.862560 0.002167 -1.632792
5.000134 7 0.862550 0.002012 -1.632405
5.020144 8 0.862538 0.001806 -1.632405
5.040100 9 0.862519 0.001498 -1.632405
5.060017 10 0.862480 0.000880 -1.633178
5.080105 11 0.862400 -0.000303 -1.638202
5.100048 12 0.862332 -0.001280 -1.640907
5.120050 13 0.862270 -0.002155 -1.641294
5.140054 14 0.862177 -0.003440 -1.643226
5.160088 15 0.862083 -0.004726 -1.643612
5.180080 16 0.861978 -0.006166 -1.643612
5.200074 17 0.861850 -0.007914 -1.643612
5.220088 18 0.861696 -0.010022 -1.643999
5.240074 19 0.861516 -0.012439 -1.645158
5.260084 20 0.861309 -0.015164 -1.646318
5.280070 21 0.861079 -0.018145 -1.647863
5.300074 22 0.860823 -0.021435 -1.648636
5.320076 23 0.860534 -0.025085 -1.649796
5.340083 24 0.860221 -0.028991 -1.650569
5.360117 25 0.859892 -0.033050 -1.651728
5.380156 26 0.859530 -0.037470 -1.652501
5.400079 27 0.859138 -0.042145 -1.654433
5.420104 28 0.858711 -0.047128 -1.656366
5.440066 29 0.858240 -0.052470 -1.658684
5.460101 30 0.857740 -0.058068 -1.659844
5.480098 31 0.857218 -0.063818 -1.661390
5.500105 32 0.856658 -0.069877 -1.662935
5.520106 33 0.856063 -0.076190 -1.664868
5.540126 34 0.855425 -0.082811 -1.666800
5.560148 35 0.854747 -0.089687 -1.669119
5.580135 36 0.854034 -0.096714 -1.671824
5.600116 37 0.853282 -0.103945 -1.674529
5.620158 38 0.852493 -0.111380 -1.676461
5.640160 39 0.851688 -0.118864 -1.678007
5.660101 40 0.850865 -0.126450 -1.678780
5.680123 41 0.850017 -0.134189 -1.679940
5.700103 42 0.849186 -0.141671 -1.681485
5.720131 43 0.848380 -0.148896 -1.681872
5.740140 44 0.847597 -0.155864 -1.682645
5.760101 45 0.846859 -0.162526 -1.681099
5.780102 46 0.846125 -0.169137 -1.681485
5.810157 47 0.845134 -0.178209 -1.679553
5.830153 48 0.844496 -0.184052 -1.679553
5.850154 49 0.843963 -0.189077 -1.676461
5.870075 50 0.843452 -0.194000 -1.674143
5.920120 51 0.842327 -0.205184 -1.671051
5.950119 52 0.841738 -0.211135 -1.669505
5.970116 53 0.841369 -0.214881 -1.669119
5.990100 54 0.841086 -0.217806 -1.667186
6.010118 55 0.840818 -0.220578 -1.667186
6.030110 56 0.840609 -0.222733 -1.667186
6.050103 57 0.840427 -0.224632 -1.666800
6.070077 0 0.840312 -0.225812 -1.667186
6.090063 1 0.840224 -0.226736 -1.666414
6.110117 0 0.840179 -0.227198 -1.666800
6.130117 1 0.840164 -0.227352 -1.667186
6.150116 2 0.840164 -0.227352 -1.667186
6.170141 3 0.840169 -0.227301 -1.666800
6.190149 4 0.840164 -0.227352 -1.667186
6.210176 5 0.840149 -0.227506 -1.668346
6.230181 6 0.840124 -0.227763 -1.669505
6.250182 7 0.840098 -0.228019 -1.669892
6.270162 8 0.840068 -0.228327 -1.669892
6.290153 9 0.839995 -0.229045 -1.671438
6.310113 10 0.839894 -0.230019 -1.674143
6.330083 11 0.839791 -0.230994 -1.676075
6.350098 12 0.839646 -0.232326 -1.679167
6.370122 13 0.839518 -0.233505 -1.678780
6.390079 14 0.839363 -0.234941 -1.678780
6.400084 15 0.839274 -0.235761 -1.678780
6.420100 16 0.839085 -0.237504 -1.678780
6.440101 17 0.838863 -0.239554 -1.678780
6.460131 18 0.838614 -0.241861 -1.678394
6.480112 19 0.838328 -0.244526 -1.677621
6.500106 20 0.838016 -0.247449 -1.677234
6.520123 21 0.837672 -0.250679 -1.676848
6.540109 22 0.837294 -0.254216 -1.677234
6.560118 23 0.836895 -0.257959 -1.676848
6.580106 24 0.836458 -0.262112 -1.675689
6.600124 25 0.836001 -0.266471 -1.675302
6.620107 26 0.835513 -0.271137 -1.674916
6.640113 27 0.835006 -0.276009 -1.674529
6.660126 28 0.834487 -0.281035 -1.673756
6.680116 29 0.833932 -0.286421 -1.673370
6.700107 30 0.833355 -0.292011 -1.673756
6.720120 31 0.832758 -0.297806 -1.673370
6.740100 32 0.832135 -0.303858 -1.673370
6.760116 33 0.831496 -0.310116 -1.672597
6.780108 34 0.830833 -0.316631 -1.672210
6.800021 35 0.830149 -0.323402 -1.671438
6.820086 36 0.829445 -0.330379 -1.671438
6.840043 37 0.828701 -0.337714 -1.671824
6.860081 38 0.827965 -0.344947 -1.672210
6.880059 39 0.827227 -0.352283 -1.671051
6.900120 40 0.826502 -0.359516 -1.670665
6.920127 41 0.825784 -0.366802 -1.669119
6.940083 42 0.825045 -0.374294 -1.669119
6.960074 43 0.824320 -0.381734 -1.667959
6.980084 44 0.823593 -0.389279 -1.666800
7.000082 45 0.822985 -0.396006 -1.661003
7.020083 46 0.822320 -0.403452 -1.659844
7.040041 47 0.821634 -0.411104 -1.660230
7.060077 48 0.820941 -0.418858 -1.659844
7.080067 49 0.820253 -0.426562 -1.659844
7.100077 50 0.819573 -0.434214 -1.659457
7.110000 51 0.819214 -0.438271 -1.659071
7.130080 52 0.818560 -0.445667 -1.659071
7.150071 53 0.817887 -0.453268 -1.659071
7.170101 54 0.817222 -0.460818 -1.658684
7.190073 55 0.816559 -0.468368 -1.658298
7.210047 56 0.815910 -0.475764 -1.658298
7.230100 57 0.815267 -0.483161 -1.657525
7.250087 58 0.814631 -0.490507 -1.657139
7.270099 59 0.814002 -0.497749 -1.657525
7.290102 60 0.813375 -0.504992 -1.657139
7.310088 61 0.812745 -0.512235 -1.657525
7.330089 62 0.812118 -0.519477 -1.657139
7.350107 63 0.811481 -0.526771 -1.657911
7.370101 64 0.810850 -0.534065 -1.657139
7.390091 65 0.810213 -0.541359 -1.657911
7.410077 66 0.809568 -0.548704 -1.658298
7.430078 67 0.808952 -0.555792 -1.657525
7.450080 68 0.808355 -0.562624 -1.657911
7.470089 69 0.807753 -0.569558 -1.657525
7.500115 70 0.806824 -0.580139 -1.658298
7.520085 71 0.806217 -0.587124 -1.657525
7.540116 72 0.805602 -0.594161 -1.657911
7.560128 73 0.805091 -0.600379 -1.652887
7.580163 74 0.804521 -0.607368 -1.652115
7.600092 75 0.803927 -0.614665 -1.652115
7.620110 76 0.803323 -0.622065 -1.652115
7.640091 77 0.802737 -0.629260 -1.652115
7.660117 78 0.802151 -0.636454 -1.652115
7.680088 79 0.801571 -0.643597 -1.651728
7.700085 80 0.801006 -0.650535 -1.652115
7.720122 81 0.800458 -0.657319 -1.651342
7.740056 82 0.799936 -0.663794 -1.651342
7.760026 83 0.799423 -0.670115 -1.651728
7.780094 84 0.798936 -0.676180 -1.650955
7.800106 85 0.798467 -0.681987 -1.651342
7.820086 86 0.798019 -0.687537 -1.651342
7.840135 87 0.797616 -0.692574 -1.650569
7.860132 88 0.797230 -0.697405 -1.650569
7.880125 89 0.796857 -0.702031 -1.651342
7.900113 90 0.796531 -0.706143 -1.649796
7.920084 91 0.796217 -0.710100 -1.650182
7.940111 92 0.795947 -0.713544 -1.649023
7.960113 93 0.795686 -0.716834 -1.649796
7.980129 94 0.795450 -0.719815 -1.649796
8.000091 95 0.795244 -0.722436 -1.649409
8.020127 96 0.795075 -0.724595 -1.648636
8.040131 97 0.794926 -0.726497 -1.649023
8.060116 98 0.794796 -0.728142 -1.649796
8.080138 99 0.794698 -0.729375 -1.649796
8.100127 0 0.794659 -0.729889 -1.647477
8.120268 1 0.794611 -0.730506 -1.647477
8.140130 0 0.794584 -0.730866 -1.647863
8.160233 1 0.794572 -0.731020 -1.648250
8.180132 2 0.794572 -0.731020 -1.648250
8.200087 3 0.794576 -0.730969 -1.647863
8.220092 4 0.794576 -0.730969 -1.647863
8.240123 5 0.794576 -0.730969 -1.647863
8.260129 6 0.794576 -0.730969 -1.647863
8.280096 7 0.794576 -0.730969 -1.647863
8.300105 8 0.794576 -0.730969 -1.647863
8.320098 9 0.794576 -0.730969 -1.647863
8.340122 10 0.794576 -0.730969 -1.647863
8.360114 11 0.794576 -0.730969 -1.647863
8.380080 12 0.794576 -0.730969 -1.647863
8.400127 13 0.794576 -0.730969 -1.647863
8.420122 14 0.794576 -0.730969 -1.647863
8.440217 15 0.794576 -0.730969 -1.647863
8.460216 16 0.794576 -0.730969 -1.647863
8.480107 17 0.794576 -0.730969 -1.647863
8.500074 18 0.794576 -0.730969 -1.647863
8.520105 19 0.794576 -0.730969 -1.647863
8.540100 20 0.794576 -0.730969 -1.647863
8.560146 21 0.794576 -0.730969 -1.647863
8.580100 22 0.794576 -0.730969 -1.647863
8.600211 23 0.794576 -0.730969 -1.647863
8.620188 24 0.794576 -0.730969 -1.647863
8.640196 25 0.794576 -0.730969 -1.647863
8.660052 26 0.794572 -0.731020 -1.647477
8.680189 27 0.794572 -0.731020 -1.647477
8.700076 28 0.794572 -0.731020 -1.647477
8.720194 29 0.794572 -0.731020 -1.647477
8.740051 30 0.794572 -0.731020 -1.647477
8.760019 31 0.794568 -0.731072 -1.647091
8.780062 32 0.794568 -0.731072 -1.647091
8.800028 33 0.794568 -0.731072 -1.647091
8.820164 34 0.794568 -0.731072 -1.647091
8.840189 35 0.794572 -0.731020 -1.646704
8.860032 36 0.794572 -0.731020 -1.646704
8.880058 37 0.794572 -0.731020 -1.646704
8.899998 38 0.794568 -0.731072 -1.646318
8.919988 39 0.794568 -0.731072 -1.646318
8.939988 40 0.794568 -0.731072 -1.646318
8.959980 41 0.794568 -0.731072 -1.645545
8.980004 42 0.794564 -0.731123 -1.645158
8.999990 43 0.794568 -0.731072 -1.644772
9.020027 44 0.794568 -0.731072 -1.643999
9.040029 45 0.794568 -0.731072 -1.643226
9.059997 46 0.794571 -0.731020 -1.641294
9.080046 47 0.794589 -0.730763 -1.638588
9.100045 48 0.794596 -0.730660 -1.637043
9.120054 49 0.794589 -0.730763 -1.636270
9.140054 0 0.794586 -0.730814 -1.635883
9.160055 1 0.794586 -0.730814 -1.635883
9.180028 0 0.794582 -0.730866 -1.635497
9.200039 1 0.794582 -0.730866 -1.635497
9.220035 2 0.794582 -0.730866 -1.635497
9.240057 3 0.794582 -0.730866 -1.635497
9.260045 4 0.794579 -0.730917 -1.635110
9.279988 5 0.794576 -0.730969 -1.634724
9.300027 6 0.794566 -0.731123 -1.634337
9.320039 7 0.794556 -0.731278 -1.633951
9.340041 8 0.794540 -0.731535 -1.633564
9.360010 9 0.794514 -0.731947 -1.632792
9.380034 10 0.794476 -0.732564 -1.632019
9.400029 11 0.794429 -0.733336 -1.631632
9.420031 12 0.794371 -0.734314 -1.630473
9.440029 13 0.794291 -0.735652 -1.630473
9.460043 14 0.794207 -0.737093 -1.628927
9.480032 15 0.794103 -0.738895 -1.628541
9.500049 16 0.793991 -0.740903 -1.626608
9.520039 17 0.793857 -0.743322 -1.626222
9.540048 18 0.793712 -0.745999 -1.624676
9.560007 19 0.793556 -0.748986 -1.623130
9.579998 20 0.793405 -0.752024 -1.620425
9.600020 21 0.793248 -0.755372 -1.617720
9.620032 22 0.793094 -0.758874 -1.614628
9.640028 23 0.792943 -0.762584 -1.611536
9.660019 24 0.792799 -0.766448 -1.608058
9.680042 25 0.792655 -0.770622 -1.605353
9.700034 26 0.792515 -0.775054 -1.602261
9.720047 27 0.792387 -0.779744 -1.598010
9.740053 28 0.792273 -0.784744 -1.593759
9.760066 29 0.792168 -0.790002 -1.590667
9.780030 30 0.792079 -0.795415 -1.587189
9.800048 31 0.792010 -0.800983 -1.583325
9.819995 32 0.791952 -0.807067 -1.580233
9.840031 33 0.791956 -0.812635 -1.570185
9.860056 34 0.791992 -0.819183 -1.565161
9.880044 35 0.792052 -0.825988 -1.562069
9.900015 36 0.792136 -0.832845 -1.558591
9.920050 37 0.792244 -0.840114 -1.555886
9.940014 38 0.792374 -0.847486 -1.553181
9.960062 39 0.792530 -0.855012 -1.550089
9.980030 40 0.792709 -0.862693 -1.547384
10.000063 41 0.792906 -0.870321 -1.545065
10.019997 42 0.793123 -0.878052 -1.542746
10.040002 43 0.793353 -0.885731 -1.540814
10.060022 44 0.793591 -0.893461 -1.540041
10.080060 45 0.793848 -0.901139 -1.537336
10.100069 46 0.794115 -0.908765 -1.535790
10.120055 47 0.794389 -0.916340 -1.534631
10.140089 48 0.794682 -0.924016 -1.532699
10.160041 49 0.794977 -0.931693 -1.532312
10.180102 50 0.795282 -0.939369 -1.531153
10.200119 51 0.795589 -0.947046 -1.530766
10.220122 52 0.795895 -0.954619 -1.530380
10.240084 53 0.796204 -0.962243 -1.530380
10.260131 54 0.796501 -0.969817 -1.531539
10.280087 55 0.796783 -0.977133 -1.532312
10.300136 56 0.797057 -0.984191 -1.531926
10.320069 57 0.797343 -0.991455 -1.531539
10.340093 58 0.797621 -0.998617 -1.531926
10.360134 59 0.797894 -1.005623 -1.531926
10.380162 60 0.798165 -1.012682 -1.532312
10.400075 61 0.798438 -1.019843 -1.532699
10.420132 62 0.798725 -1.026488 -1.527675
10.440121 63 0.799038 -1.033545 -1.526515
10.460096 64 0.799361 -1.040963 -1.527288
10.480144 65 0.799668 -1.048226 -1.528447
10.500068 66 0.799973 -1.055489 -1.528834
10.520119 67 0.800281 -1.062804 -1.528834
10.540085 68 0.800578 -1.070017 -1.529607
10.560153 69 0.800865 -1.077126 -1.530380
10.580154 70 0.801151 -1.084339 -1.531153
10.600135 71 0.801433 -1.091500 -1.531539
10.620039 72 0.801709 -1.098816 -1.533085
10.640065 73 0.801981 -1.106029 -1.533085
10.660104 74 0.802251 -1.113346 -1.533858
10.680107 75 0.802517 -1.120611 -1.534244
10.700089 76 0.802784 -1.127979 -1.534631
10.720081 77 0.803044 -1.135244 -1.535017
10.740113 78 0.803300 -1.142561 -1.535790
10.760089 79 0.803551 -1.149827 -1.536177
10.780102 80 0.803804 -1.157196 -1.536563
10.800072 81 0.804056 -1.164719 -1.537336
10.820112 82 0.804286 -1.171934 -1.538882
10.840080 83 0.804498 -1.178994 -1.540814
10.860102 84 0.804704 -1.185952 -1.541201
10.880155 85 0.804913 -1.193115 -1.541587
10.900114 86 0.805120 -1.200279 -1.541974
10.930134 87 0.805409 -1.210896 -1.543519
10.950119 88 0.805599 -1.217958 -1.543906
10.990125 89 0.806049 -1.231407 -1.537336
11.010130 90 0.806287 -1.238776 -1.538495
11.030107 91 0.806515 -1.245991 -1.539268
11.050114 92 0.806745 -1.253360 -1.539655
11.070086 93 0.806966 -1.260730 -1.540814
11.090116 94 0.807188 -1.268151 -1.540814
11.110118 95 0.807405 -1.275573 -1.541587
11.130108 96 0.807614 -1.282840 -1.541974
11.150129 97 0.807824 -1.290210 -1.542360
11.170113 98 0.808027 -1.297528 -1.543133
11.190111 0 0.808223 -1.304847 -1.543906
11.210076 0 0.808424 -1.312011 -1.542746
11.230124 1 0.808601 -1.316493 -1.531539
11.250098 2 0.808771 -1.320511 -1.528447
11.270144 3 0.808881 -1.322984 -1.526129
11.290117 4 0.809028 -1.326383 -1.527675
11.310150 5 0.809165 -1.329526 -1.527288
11.330147 6 0.809288 -1.332410 -1.528061
11.350082 7 0.809373 -1.334419 -1.528447
11.370080 8 0.809446 -1.336171 -1.529220
11.390071 9 0.809506 -1.337613 -1.529220
11.410041 10 0.809557 -1.338901 -1.531153
11.430090 11 0.809589 -1.339725 -1.531926
11.450156 12 0.809621 -1.340601 -1.534631
11.470138 13 0.809654 -1.341580 -1.537336
11.490141 14 0.809689 -1.342766 -1.540814
11.510178 15 0.809720 -1.343848 -1.541974
11.530136 16 0.809754 -1.345085 -1.543519
11.550087 17 0.809790 -1.346425 -1.544292
11.570107 18 0.809836 -1.348178 -1.544292
11.590116 19 0.809887 -1.350136 -1.545065
11.620117 20 0.809977 -1.353641 -1.545065
11.640078 21 0.810049 -1.356476 -1.545452
11.660138 22 0.810127 -1.359672 -1.546225
11.680134 23 0.810216 -1.363280 -1.546225
11.700082 24 0.810306 -1.367146 -1.547384
11.720104 25 0.810394 -1.371166 -1.548930
11.740113 26 0.810489 -1.375496 -1.548930
11.760136 27 0.810588 -1.380032 -1.548930
11.780138 28 0.810694 -1.384878 -1.548930
11.800081 29 0.810804 -1.389981 -1.549316
11.820107 30 0.810918 -1.395394 -1.549703
11.840089 31 0.811032 -1.401116 -1.550862
11.860075 32 0.811147 -1.407095 -1.551635
11.880109 33 0.811260 -1.413281 -1.552408
11.900125 34 0.811378 -1.419828 -1.552794
11.920102 35 0.811518 -1.426014 -1.548157
11.940139 36 0.811692 -1.433076 -1.546225
11.960054 37 0.811865 -1.440601 -1.547770
11.980113 38 0.812035 -1.448230 -1.548543
12.000129 39 0.812201 -1.455962 -1.549316
12.040130 40 0.812518 -1.471839 -1.550862
12.060107 41 0.812672 -1.479881 -1.551635
12.080128 42 0.812820 -1.487769 -1.552022
12.100051 43 0.812961 -1.495604 -1.552794
12.120042 44 0.813092 -1.503389 -1.553954
12.140100 45 0.813220 -1.511173 -1.554340
12.160078 46 0.813342 -1.518906 -1.555113
12.180123 47 0.813455 -1.526536 -1.555886
12.200112 48 0.813562 -1.534063 -1.556659
12.220118 49 0.813669 -1.541435 -1.556273
12.240122 50 0.813769 -1.548756 -1.557046
12.260152 51 0.813864 -1.555664 -1.557046
12.280093 52 0.813956 -1.562521 -1.557432
12.300099 53 0.814044 -1.569275 -1.557818
12.320080 54 0.814132 -1.575513 -1.556659
12.340126 55 0.814211 -1.581390 -1.557432
12.360069 56 0.814286 -1.586752 -1.556659
12.380098 57 0.814355 -1.591907 -1.557432
12.400106 58 0.814421 -1.596857 -1.557432
12.420097 59 0.814487 -1.601496 -1.556659
12.440141 60 0.814545 -1.605827 -1.557432
12.460044 61 0.814594 -1.609591 -1.557818
12.480076 62 0.814639 -1.613148 -1.558205
12.510065 63 0.814696 -1.617839 -1.558591
12.530064 64 0.814732 -1.620623 -1.557818
12.550099 65 0.814762 -1.622840 -1.557432
12.570144 66 0.814788 -1.624851 -1.557818
12.590098 67 0.814808 -1.626346 -1.557432
12.610138 68 0.814827 -1.627686 -1.556659
12.630130 0 0.814838 -1.628460 -1.555500
12.650133 0 0.814847 -1.628975 -1.553954
12.670117 1 0.814852 -1.629233 -1.552794
12.690131 2 0.814858 -1.630934 -1.567093
12.710158 3 0.814856 -1.631244 -1.576368
12.730162 4 0.814858 -1.631141 -1.590281
12.750157 5 0.814842 -1.631553 -1.611150
12.770177 6 0.814819 -1.631913 -1.634724
12.790097 7 0.814833 -1.631759 -1.661390
12.810115 8 0.814833 -1.631759 -1.691533
12.830105 9 0.814825 -1.631810 -1.727474
12.850121 10 0.814775 -1.632063 -1.764961
12.870080 11 0.814727 -1.632263 -1.805925
12.890068 12 0.814670 -1.632462 -1.849982
12.910107 13 0.814554 -1.632804 -1.896743
12.930034 14 0.814422 -1.633139 -1.947370
12.950074 15 0.814186 -1.633655 -1.998769
12.970042 16 0.813876 -1.634249 -2.051714
12.990042 17 0.813587 -1.634737 -2.106205
13.010078 18 0.813328 -1.635122 -2.163014
13.030092 19 0.812954 -1.635615 -2.220210
13.070092 20 0.811846 -1.636767 -2.336534
13.090089 21 0.811240 -1.637327 -2.395276
13.110043 22 0.810882 -1.637622 -2.454405
13.130118 23 0.810298 -1.638047 -2.511601
13.150160 24 0.809648 -1.638466 -2.568410
13.170129 25 0.808976 -1.638849 -2.623674
13.200087 26 0.808836 -1.638915 -2.702898
13.220111 27 0.808645 -1.638993 -2.755457
13.240033 28 0.808645 -1.638993 -2.801832
13.260065 29 0.808399 -1.639067 -2.848593
13.280084 30 0.808598 -1.639016 -2.892650
13.300091 31 0.808548 -1.639027 -2.936320
13.320056 32 0.808701 -1.639001 -2.976125
13.340095 33 0.809314 -1.638920 -3.010133
13.360091 34 0.809571 -1.638895 -3.043755
13.380052 35 0.809571 -1.638895 -3.077764
13.400137 36 0.810086 -1.638876 -3.105589
13.420110 37 0.810137 -1.638876 -3.132255
13.440110 38 0.810601 -1.638882 -3.154283
13.460142 39 0.810911 -1.638892 -3.172833
13.480153 0 0.811426 -1.638914 -3.185200
13.500165 0 0.811786 -1.638934 -3.197953
13.520136 1 0.812095 -1.638955 -3.207228
13.540113 2 0.812455 -1.638980 -3.213025
13.560107 3 0.812712 -1.639000 -3.216503
13.580124 4 0.812917 -1.639015 -3.217276
13.600123 5 0.812969 -1.639019 -3.217662
13.620085 6 0.812969 -1.639019 -3.216889
13.640101 7 0.812763 -1.639004 -3.217662
13.660140 8 0.812609 -1.638992 -3.218049
13.680096 9 0.812198 -1.638960 -3.219594
13.700086 10 0.811684 -1.638919 -3.220367
13.720077 11 0.810656 -1.638832 -3.225778
13.740130 12 0.810091 -1.638784 -3.226937
13.760121 13 0.809269 -1.638712 -3.228483
13.780058 14 0.808499 -1.638646 -3.228097
13.800074 15 0.807574 -1.638565 -3.228097
13.820028 16 0.806290 -1.638455 -3.227710
13.840102 17 0.804749 -1.638321 -3.227710
13.860096 18 0.802900 -1.638160 -3.228483
13.880075 19 0.800742 -1.637972 -3.228483
13.900074 20 0.798277 -1.637758 -3.228483
13.920078 21 0.795503 -1.637516 -3.228483
13.940113 22 0.792370 -1.637242 -3.228869
13.960080 23 0.788980 -1.636945 -3.228869
13.980110 24 0.785231 -1.636616 -3.229256
14.000114 25 0.781224 -1.636264 -3.229256
14.020118 26 0.776961 -1.635891 -3.228869
14.040126 27 0.772339 -1.635483 -3.229642
14.060114 28 0.767409 -1.635040 -3.231188
14.080140 29 0.762377 -1.634580 -3.232734
14.100113 30 0.756987 -1.634081 -3.233893
14.120111 31 0.751237 -1.633540 -3.235439
14.140075 32 0.745232 -1.632967 -3.236599
14.160090 33 0.739023 -1.632364 -3.238531
14.180076 34 0.732558 -1.631720 -3.240850
14.200074 35 0.725941 -1.631043 -3.243555
14.220083 36 0.719018 -1.630321 -3.245487
14.240074 37 0.711994 -1.629575 -3.247420
14.260089 38 0.704511 -1.628762 -3.249738
14.280044 39 0.696978 -1.627924 -3.252444
14.300090 40 0.689191 -1.627039 -3.254762
14.320042 41 0.681764 -1.626186 -3.255922
14.340076 42 0.674286 -1.625322 -3.256695
14.360080 43 0.666705 -1.624445 -3.256695
14.380111 44 0.659023 -1.623557 -3.256695
14.400126 45 0.651340 -1.622669 -3.256695
14.420051 46 0.643709 -1.621778 -3.257854
14.440091 47 0.636997 -1.621023 -3.253603
14.460069 48 0.629568 -1.620190 -3.253216
14.480078 49 0.621729 -1.619302 -3.254376
14.500082 50 0.614045 -1.618426 -3.255149
14.520123 51 0.606465 -1.617549 -3.256695
14.540123 52 0.599090 -1.616691 -3.257467
14.560142 53 0.591614 -1.615815 -3.258240
14.580157 54 0.583984 -1.614918 -3.258627
14.600158 55 0.576866 -1.614078 -3.259013
14.620133 56 0.570105 -1.613302 -3.255922
14.640148 57 0.562778 -1.612480 -3.253216
14.660114 58 0.556013 -1.611733 -3.251671
14.680119 59 0.548990 -1.610976 -3.248965
14.700080 60 0.541966 -1.610227 -3.247806
14.720074 61 0.534839 -1.609475 -3.246647
14.740106 62 0.527506 -1.608705 -3.246260
14.760118 63 0.520224 -1.607946 -3.245487
14.780100 64 0.512942 -1.607192 -3.244714
14.800144 65 0.505710 -1.606447 -3.244328
14.820101 66 0.498376 -1.605693 -3.243941
14.840130 67 0.490837 -1.604916 -3.244328
14.860123 68 0.483451 -1.604160 -3.243555
14.880132 69 0.476270 -1.603426 -3.243555
14.900141 70 0.469037 -1.602688 -3.243168
14.920076 71 0.461855 -1.601967 -3.241623
14.940135 72 0.454365 -1.601216 -3.241623
14.960151 73 0.446977 -1.600486 -3.240077
14.980168 74 0.439845 -1.599778 -3.240463
15.000174 75 0.433479 -1.599182 -3.235053
15.030142 76 0.422544 -1.598169 -3.233893
15.050076 77 0.414946 -1.597466 -3.233893
15.070139 78 0.407655 -1.596791 -3.233893
15.090128 79 0.400468 -1.596126 -3.233893
15.110148 80 0.393229 -1.595453 -3.234280
15.130089 81 0.385888 -1.594768 -3.234666
15.150116 82 0.378393 -1.594068 -3.234666
15.170105 83 0.371051 -1.593386 -3.234280
15.190103 84 0.363761 -1.592708 -3.234280
15.210091 85 0.356523 -1.592033 -3.234666
15.230109 86 0.349491 -1.591368 -3.235826
15.250089 87 0.342253 -1.590681 -3.236212
15.270101 88 0.335118 -1.590007 -3.235826
15.290087 89 0.327880 -1.589325 -3.235439
15.310105 90 0.320796 -1.588659 -3.235439
15.330059 91 0.313713 -1.587986 -3.236212
15.350185 92 0.306477 -1.587291 -3.237372
15.370226 93 0.299291 -1.586601 -3.237372
15.390149 94 0.291748 -1.585867 -3.238531
15.410179 95 0.284409 -1.585151 -3.238917
15.430089 96 0.277175 -1.584436 -3.240077
15.450132 97 0.270248 -1.583754 -3.239690
15.470100 98 0.263013 -1.583040 -3.240077
15.490217 99 0.255727 -1.582320 -3.240077
15.510114 100 0.248441 -1.581600 -3.240077
15.530219 101 0.241258 -1.580890 -3.240077
15.550144 102 0.234331 -1.580208 -3.239690
15.570223 103 0.228067 -1.579626 -3.234280
15.590269 104 0.220829 -1.578950 -3.234666
15.610168 105 0.213437 -1.578255 -3.235439
15.630270 106 0.206200 -1.577571 -3.235826
15.650259 107 0.199065 -1.576894 -3.236212
15.670196 108 0.191879 -1.576206 -3.236985
15.690124 109 0.184643 -1.575511 -3.237372
15.710082 110 0.177406 -1.574818 -3.236985
15.730107 111 0.170221 -1.574125 -3.237758
15.750107 112 0.162933 -1.573422 -3.237758
15.780094 113 0.152054 -1.572364 -3.238531
15.800088 114 0.144767 -1.571656 -3.238531
15.820054 115 0.137480 -1.570947 -3.238531
15.840093 116 0.130193 -1.570239 -3.238531
15.860103 117 0.122855 -1.569522 -3.238917
15.880091 118 0.115619 -1.568813 -3.239304
15.900111 119 0.108436 -1.568103 -3.240077
15.940106 120 0.093816 -1.566630 -3.242009
15.960110 121 0.086326 -1.565870 -3.242782
15.980172 122 0.079094 -1.565132 -3.243168
16.000175 123 0.072119 -1.564416 -3.243941
16.020094 124 0.065092 -1.563692 -3.244328
16.040122 125 0.057912 -1.562951 -3.244328
16.060089 126 0.050629 -1.562200 -3.244328
16.080205 127 0.043500 -1.561463 -3.244714
16.100116 128 0.036320 -1.560720 -3.244714
16.120225 129 0.030060 -1.560106 -3.239304
16.140225 130 0.023081 -1.559427 -3.238531
16.160203 131 0.016051 -1.558736 -3.239690
16.180183 132 0.008868 -1.558029 -3.239690
16.200079 133 0.001633 -1.557314 -3.240077
16.220184 134 -0.005550 -1.556598 -3.240850
16.240007 135 -0.012629 -1.555888 -3.241623
16.260164 136 -0.019863 -1.555159 -3.242009
16.280008 137 -0.027249 -1.554409 -3.242782
16.310040 138 -0.038277 -1.553285 -3.243168
16.329986 139 -0.045561 -1.552543 -3.243168
16.350070 140 -0.052793 -1.551803 -3.243555
16.370101 141 -0.060025 -1.551060 -3.243941
16.390083 142 -0.067411 -1.550301 -3.243941
16.410103 143 -0.074694 -1.549553 -3.243941
16.430044 144 -0.081977 -1.548800 -3.244714
16.450056 145 -0.089105 -1.548059 -3.245101
16.470127 146 -0.095926 -1.547353 -3.244714
16.490106 147 -0.102901 -1.546631 -3.244714
16.560104 148 -0.126384 -1.544146 -3.247033
16.580043 149 -0.132486 -1.543503 -3.246647
16.600088 150 -0.138434 -1.542880 -3.245874
16.620080 151 -0.143871 -1.542320 -3.244328
16.650080 152 -0.151820 -1.541497 -3.244714
16.670104 153 -0.156743 -1.540988 -3.244714
16.690054 154 -0.161359 -1.540513 -3.243941
16.710044 155 -0.165616 -1.540078 -3.243555
16.730071 156 -0.169566 -1.539675 -3.243168
16.750105 157 -0.172389 -1.539402 -3.238145
16.770067 158 -0.175775 -1.539071 -3.238917
16.790082 159 -0.178393 -1.538821 -3.236985
16.810062 160 -0.181062 -1.538565 -3.236985
16.830030 161 -0.183320 -1.538349 -3.236985
16.850028 162 -0.185219 -1.538168 -3.236599
16.870043 163 -0.186811 -1.538017 -3.236212
16.890043 164 -0.188248 -1.537881 -3.236212
16.910081 0 -0.188710 -1.537838 -3.234280
16.930069 0 -0.189377 -1.537776 -3.234666
16.950101 1 -0.189685 -1.537747 -3.234666
16.970022 2 -0.190403 -1.537675 -3.240850
16.990042 3 -0.191121 -1.537592 -3.257081
17.010041 4 -0.190865 -1.537625 -3.270607
17.030035 5 -0.190865 -1.537625 -3.289930
17.050058 6 -0.190662 -1.537661 -3.315436
17.070071 7 -0.190409 -1.537713 -3.342875
17.090061 8 -0.190209 -1.537761 -3.376111
17.120075 9 -0.190307 -1.537731 -3.430988
17.140073 10 -0.190649 -1.537615 -3.468474
17.160058 11 -0.190890 -1.537522 -3.509826
17.179997 12 -0.191220 -1.537378 -3.554268
17.199986 13 -0.191728 -1.537126 -3.601803
17.230042 14 -0.192482 -1.536677 -3.678708
17.250051 15 -0.192996 -1.536333 -3.732040
17.270044 16 -0.193614 -1.535868 -3.786531
17.290047 17 -0.194047 -1.535502 -3.842567
17.310060 18 -0.194571 -1.535006 -3.899763
17.330033 19 -0.195101 -1.534442 -3.958119
17.350115 20 -0.195464 -1.534007 -4.017247
17.370091 21 -0.195984 -1.533301 -4.077148
17.390098 22 -0.196490 -1.532523 -4.135890
17.410042 23 -0.196822 -1.531941 -4.194245
17.430080 24 -0.197028 -1.531525 -4.251828
17.450112 25 -0.197150 -1.531241 -4.308251
17.470042 26 -0.197291 -1.530853 -4.362355
17.490063 27 -0.197383 -1.530558 -4.412595
17.510096 28 -0.197446 -1.530308 -4.462448
17.530109 29 -0.197477 -1.530156 -4.510756
17.550117 30 -0.197361 -1.530869 -4.550948
17.570137 31 -0.197343 -1.531022 -4.593845
17.590084 32 -0.197371 -1.530662 -4.635969
17.610116 33 -0.197372 -1.530611 -4.675774
17.630111 34 -0.197372 -1.530508 -4.713647
17.650116 35 -0.197374 -1.530559 -4.749588
17.670100 36 -0.197388 -1.530765 -4.780505
17.690087 37 -0.197388 -1.530765 -4.809875
17.710095 38 -0.197420 -1.531021 -4.834995
17.730043 39 -0.197478 -1.531429 -4.855091
17.750082 0 -0.197535 -1.531786 -4.870936
17.770079 1 -0.197614 -1.532243 -4.882916
17.790064 0 -0.197688 -1.532649 -4.892191
17.810066 1 -0.197774 -1.533105 -4.897988
17.830078 2 -0.197851 -1.533510 -4.901080
17.850109 3 -0.197900 -1.533763 -4.902239
17.870119 4 -0.197958 -1.534067 -4.901466
17.890103 5 -0.197977 -1.534168 -4.900693
17.910079 6 -0.197967 -1.534118 -4.901080
17.930124 7 -0.197948 -1.534016 -4.901080
17.950106 8 -0.197899 -1.533763 -4.902239
17.970067 9 -0.197851 -1.533510 -4.902626
17.990089 10 -0.197743 -1.532953 -4.903785
18.010118 11 -0.197552 -1.531992 -4.908036
18.030113 12 -0.197390 -1.531183 -4.910355
18.050092 13 -0.197173 -1.530123 -4.913833
18.070107 14 -0.197009 -1.529314 -4.913060
18.090053 15 -0.196794 -1.528253 -4.912674
18.110092 16 -0.196516 -1.526889 -4.913060
18.130112 17 -0.196187 -1.525272 -4.913060
18.150088 18 -0.195798 -1.523352 -4.912287
18.170121 19 -0.195327 -1.521027 -4.912287
18.190126 20 -0.194804 -1.518450 -4.912674
18.210043 21 -0.194207 -1.515520 -4.913447
18.230042 22 -0.193559 -1.512337 -4.913060
18.250092 23 -0.192849 -1.508851 -4.913447
18.270074 24 -0.192075 -1.505062 -4.913833
18.290061 25 -0.191268 -1.501123 -4.914606
18.320087 26 -0.189908 -1.494507 -4.914992
18.340084 27 -0.188942 -1.489810 -4.915379
18.360129 28 -0.187907 -1.484812 -4.916538
18.380158 29 -0.186803 -1.479512 -4.917698
18.400080 30 -0.185630 -1.473910 -4.918857
18.420096 31 -0.184408 -1.468108 -4.920016
18.440113 32 -0.183136 -1.462106 -4.921176
18.460133 33 -0.181801 -1.455853 -4.922722
18.480056 34 -0.180392 -1.449300 -4.924268
18.500075 35 -0.178893 -1.442398 -4.926200
18.520023 36 -0.177309 -1.435197 -4.928905
18.540018 37 -0.175703 -1.427948 -4.930451
18.560107 38 -0.174144 -1.420953 -4.931610
18.580083 39 -0.172518 -1.413708 -4.933156
18.600124 40 -0.170906 -1.406514 -4.932770
18.620124 41 -0.169198 -1.398971 -4.935088
18.640077 42 -0.167513 -1.391528 -4.935088
18.660101 43 -0.165808 -1.384038 -4.936248
18.680127 44 -0.164283 -1.377193 -4.931610
18.700102 45 -0.162607 -1.369643 -4.930837
18.720103 46 -0.160880 -1.361893 -4.931610
18.740079 47 -0.159184 -1.354295 -4.931997
18.760107 48 -0.157507 -1.346797 -4.932383
18.780040 49 -0.155814 -1.339251 -4.933156
18.800082 50 -0.154129 -1.331756 -4.933543
18.820071 51 -0.152472 -1.324413 -4.934315
18.840119 52 -0.150815 -1.317070 -4.934315
18.860099 53 -0.149144 -1.309677 -4.934702
18.890101 54 -0.146680 -1.298816 -4.935475
18.910098 55 -0.145069 -1.291727 -4.935861
18.930082 56 -0.143446 -1.284588 -4.935861
18.950109 57 -0.141801 -1.277348 -4.935861
18.970076 58 -0.140169 -1.270157 -4.935475
19.000111 59 -0.137728 -1.259397 -4.935475
19.020111 60 -0.136131 -1.252358 -4.935475
19.050115 61 -0.133659 -1.241499 -4.936248
19.070103 62 -0.131982 -1.234160 -4.937021
19.090135 63 -0.130389 -1.227173 -4.936634
19.120100 64 -0.128042 -1.216867 -4.936248
19.160102 65 -0.124854 -1.202839 -4.935861
19.200075 66 -0.121734 -1.189061 -4.935088
19.220068 67 -0.120324 -1.182719 -4.931224
19.250092 68 -0.118049 -1.172397 -4.929291
19.280126 69 -0.115690 -1.161672 -4.928905
19.300099 70 -0.114131 -1.154571 -4.928519
19.320100 71 -0.112574 -1.147470 -4.928132
19.340100 72 -0.111021 -1.140368 -4.927746
19.360102 73 -0.109506 -1.133416 -4.926973
19.380100 74 -0.108021 -1.126615 -4.927359
19.400139 75 -0.106569 -1.119966 -4.927359
19.420080 76 -0.105109 -1.113266 -4.926973
19.440123 77 -0.103673 -1.106666 -4.926586
19.460137 78 -0.102363 -1.100619 -4.925813
19.480078 79 -0.101083 -1.094724 -4.926200
19.500075 80 -0.099840 -1.088979 -4.925427
19.520081 81 -0.098658 -1.083485 -4.924268
19.540120 82 -0.097487 -1.078041 -4.924268
19.560136 83 -0.096445 -1.073150 -4.922335
19.580125 84 -0.095413 -1.068309 -4.922335
19.600013 85 -0.094496 -1.063970 -4.920789
19.620122 86 -0.093578 -1.059632 -4.920789
19.640118 87 -0.092761 -1.055747 -4.919630
19.660142 88 -0.092019 -1.052215 -4.919630
19.680076 89 -0.091364 -1.049086 -4.918857
19.700080 90 -0.090774 -1.046260 -4.918084
19.720115 91 -0.090282 -1.043887 -4.916925
19.740079 92 -0.089832 -1.041716 -4.916538
19.760117 93 -0.089510 -1.040150 -4.915379
19.780145 0 -0.089314 -1.039191 -4.913447
19.800133 1 -0.089129 -1.038281 -4.913447
19.820106 0 -0.089016 -1.037725 -4.913060
19.840128 1 -0.088954 -1.037422 -4.913060
19.860112 2 -0.088964 -1.037473 -4.913447
19.880118 3 -0.088975 -1.037523 -4.913060
19.900084 4 -0.088985 -1.037574 -4.912674
19.920062 5 -0.088985 -1.037574 -4.912674
19.940054 6 -0.088985 -1.037574 -4.912674
19.960067 7 -0.088985 -1.037574 -4.912674
19.980050 8 -0.088985 -1.037574 -4.912674
20.000056 9 -0.088985 -1.037574 -4.912674
20.020015 10 -0.088995 -1.037624 -4.912287
20.040053 11 -0.088985 -1.037574 -4.911901
20.060094 12 -0.088985 -1.037574 -4.911901
20.090040 13 -0.088995 -1.037624 -4.910741
20.110035 14 -0.088985 -1.037574 -4.909582
20.130049 15 -0.088975 -1.037523 -4.908423
20.150035 16 -0.088975 -1.037523 -4.906877
20.170014 17 -0.088975 -1.037523 -4.905331
20.190006 18 -0.088975 -1.037523 -4.903785
20.210051 19 -0.088975 -1.037523 -4.901466
20.230052 20 -0.088975 -1.037523 -4.899148
20.250114 21 -0.088975 -1.037523 -4.896829
20.270052 22 -0.088956 -1.037422 -4.894510
20.290074 23 -0.088938 -1.037320 -4.892191
20.310120 24 -0.088911 -1.037168 -4.889486
20.330125 25 -0.088884 -1.037016 -4.886008
20.350082 26 -0.088849 -1.036813 -4.882143
20.370100 27 -0.088824 -1.036660 -4.878665
20.390101 28 -0.088790 -1.036456 -4.874028
20.410106 29 -0.088758 -1.036253 -4.870163
20.430110 30 -0.088734 -1.036100 -4.865139
20.450154 31 -0.088719 -1.035998 -4.860502
20.470102 32 -0.088719 -1.035998 -4.854318
20.500086 33 -0.088719 -1.035998 -4.846589
20.520049 0 -0.088719 -1.035998 -4.841952
20.540044 0 -0.088726 -1.036049 -4.837701
20.560114 1 -0.088738 -1.036151 -4.834609
20.580088 2 -0.088744 -1.036203 -4.831904
20.600075 3 -0.088744 -1.036203 -4.830358
20.620076 4 -0.088744 -1.036203 -4.828812
20.640086 5 -0.088721 -1.035998 -4.827266
20.660100 6 -0.088697 -1.035793 -4.826493
20.680076 7 -0.088662 -1.035485 -4.825720
20.700076 8 -0.088616 -1.035076 -4.824174
20.720060 9 -0.088554 -1.034512 -4.822242
20.750094 10 -0.088445 -1.033486 -4.818378
20.770072 11 -0.088360 -1.032666 -4.815286
20.790091 12 -0.088257 -1.031640 -4.812194
20.810106 13 -0.088132 -1.030357 -4.809489
20.830120 14 -0.087986 -1.028817 -4.807170
20.850123 15 -0.087840 -1.027225 -4.803692
20.870155 16 -0.087652 -1.025120 -4.801760
20.890087 17 -0.087462 -1.022911 -4.798282
20.910072 18 -0.087245 -1.020290 -4.794804
20.940096 19 -0.086943 -1.016228 -4.786688
20.960091 20 -0.086742 -1.013296 -4.780891
20.990075 21 -0.086463 -1.008509 -4.770457
21.010077 22 -0.086280 -1.004957 -4.763887
21.040069 23 -0.086037 -0.999032 -4.753452
21.060077 24 -0.085896 -0.994858 -4.746110
21.080109 25 -0.085768 -0.990220 -4.739926
21.100098 26 -0.085665 -0.985374 -4.733743
21.120131 27 -0.085584 -0.980167 -4.727946
21.140101 28 -0.085524 -0.974702 -4.723309
21.160138 29 -0.085490 -0.968876 -4.718285
21.180124 30 -0.085478 -0.962998 -4.714420
21.200090 31 -0.085487 -0.956863 -4.710942
21.220121 32 -0.085547 -0.951192 -4.701667
21.240111 33 -0.085650 -0.944490 -4.697029
21.260098 34 -0.085769 -0.937324 -4.695870
21.280110 35 -0.085905 -0.930107 -4.693551
21.300140 36 -0.086048 -0.922787 -4.692778
21.320137 37 -0.086204 -0.915158 -4.692005
21.340141 38 -0.086371 -0.907374 -4.690846
21.360099 39 -0.086552 -0.899539 -4.689300
21.380085 40 -0.086740 -0.891549 -4.688914
21.400079 41 -0.086934 -0.883663 -4.687754
21.420120 42 -0.087139 -0.875622 -4.686981
21.440097 43 -0.087348 -0.867737 -4.685822
21.460128 44 -0.087556 -0.859902 -4.685822
21.490102 45 -0.087878 -0.848306 -4.684663
21.510116 46 -0.088097 -0.840524 -4.684276
21.550114 47 -0.088502 -0.825267 -4.685822
21.580129 48 -0.088797 -0.813825 -4.686595
21.600083 49 -0.088987 -0.806145 -4.687754
21.620053 50 -0.089167 -0.798465 -4.688914
21.640102 51 -0.089332 -0.791093 -4.690073
21.660068 52 -0.089485 -0.783980 -4.690846
21.680116 53 -0.089644 -0.776712 -4.690459
21.700098 54 -0.089805 -0.769392 -4.690459
21.720099 55 -0.089964 -0.762021 -4.690846
21.740102 56 -0.090108 -0.754959 -4.692005
21.760121 57 -0.090243 -0.748051 -4.692778
21.780126 58 -0.090391 -0.741556 -4.689687
21.810149 59 -0.090636 -0.730731 -4.689687
21.830134 60 -0.090799 -0.723463 -4.690073
21.850120 61 -0.090950 -0.716298 -4.691232
21.870104 62 -0.091091 -0.709236 -4.692392
21.890079 63 -0.091228 -0.701967 -4.693551
21.910107 64 -0.091361 -0.694647 -4.694324
21.930105 65 -0.091482 -0.687481 -4.695483
21.950086 66 -0.091598 -0.680264 -4.696256
21.970068 67 -0.091707 -0.672995 -4.697416
21.990103 68 -0.091807 -0.665726 -4.698575
22.010098 69 -0.091903 -0.658405 -4.699348
22.030081 70 -0.091997 -0.651187 -4.699348
22.050086 71 -0.092087 -0.643866 -4.700121
22.070053 72 -0.092168 -0.636597 -4.701280
22.090075 73 -0.092237 -0.629379 -4.702826
22.110106 74 -0.092300 -0.622161 -4.703599
22.130074 75 -0.092353 -0.614839 -4.705145
22.150109 76 -0.092401 -0.607415 -4.705918
22.170106 77 -0.092438 -0.599991 -4.707464
22.190114 78 -0.092463 -0.592669 -4.709010
22.210112 79 -0.092481 -0.585554 -4.709782
22.240089 80 -0.092509 -0.574933 -4.709782
22.260088 81 -0.092525 -0.567663 -4.710169
22.280052 82 -0.092535 -0.560341 -4.710942
22.300109 83 -0.092546 -0.553123 -4.710942
22.320073 84 -0.092556 -0.546214 -4.710942
22.340080 85 -0.092588 -0.539769 -4.707464
22.360070 86 -0.092627 -0.532860 -4.706691
22.380075 87 -0.092663 -0.525642 -4.707464
22.400080 88 -0.092690 -0.518372 -4.708623
22.420046 89 -0.092711 -0.511257 -4.709396
22.440097 90 -0.092724 -0.504090 -4.710555
22.460082 91 -0.092732 -0.496769 -4.711328
22.480102 92 -0.092734 -0.489344 -4.712101
22.500109 93 -0.092731 -0.482023 -4.712874
22.520100 94 -0.092724 -0.474650 -4.713261
22.540079 95 -0.092712 -0.467329 -4.714034
22.560100 96 -0.092698 -0.460059 -4.714420
22.580110 97 -0.092685 -0.452686 -4.714034
22.600101 98 -0.092670 -0.445313 -4.714420
22.620100 99 -0.092650 -0.437991 -4.715193
22.640082 100 -0.092627 -0.430721 -4.715579
22.660112 101 -0.092598 -0.423503 -4.716352
22.680114 102 -0.092563 -0.416182 -4.717125
22.700088 103 -0.092526 -0.408912 -4.717512
22.720109 104 -0.092477 -0.401488 -4.719057
22.740076 105 -0.092415 -0.393960 -4.720603
22.760087 106 -0.092359 -0.386794 -4.720217
22.780093 107 -0.092302 -0.379833 -4.720603
22.800076 108 -0.092243 -0.372718 -4.720603
22.820101 109 -0.092190 -0.365603 -4.719830
22.840094 110 -0.092136 -0.358385 -4.719830
22.860092 111 -0.092083 -0.351270 -4.719830
22.880093 112 -0.092033 -0.344104 -4.719444
22.900114 113 -0.092010 -0.337659 -4.715966
22.920109 114 -0.091998 -0.330698 -4.714034
22.940052 115 -0.091981 -0.323377 -4.714806
22.960061 116 -0.091957 -0.316055 -4.715579
22.980072 117 -0.091934 -0.308734 -4.715579
23.000123 118 -0.091903 -0.301670 -4.716739
23.020113 119 -0.091869 -0.294400 -4.717125
23.040091 120 -0.091831 -0.287028 -4.717512
23.060023 121 -0.091796 -0.279655 -4.717125
23.080054 122 -0.091756 -0.272333 -4.717898
23.100033 123 -0.091716 -0.265012 -4.717898
23.120120 124 -0.091678 -0.257742 -4.717512
23.140066 125 -0.091641 -0.250421 -4.717512
23.160117 126 -0.091603 -0.242996 -4.717512
23.180116 127 -0.091562 -0.235623 -4.717898
23.200097 128 -0.091521 -0.228199 -4.717898
23.220089 129 -0.091481 -0.220981 -4.717898
23.240115 130 -0.091439 -0.213814 -4.718285
23.260115 131 -0.091390 -0.206493 -4.719057
23.280118 132 -0.091348 -0.199378 -4.718285
23.300157 133 -0.091296 -0.191902 -4.719444
23.320114 134 -0.091239 -0.184684 -4.720217
23.340093 135 -0.091184 -0.177672 -4.720217
23.360116 136 -0.091129 -0.170557 -4.720217
23.380112 137 -0.091078 -0.163339 -4.719444
23.400152 138 -0.091023 -0.155966 -4.719830
23.420139 139 -0.090973 -0.148902 -4.719444
23.440138 140 -0.090923 -0.141787 -4.719444
23.460120 141 -0.090910 -0.135446 -4.714420
23.480138 142 -0.090901 -0.128227 -4.713647
23.510150 143 -0.090874 -0.117348 -4.714806
23.530153 144 -0.090854 -0.110181 -4.715193
23.550151 145 -0.090831 -0.102809 -4.715579
23.570105 146 -0.090803 -0.095693 -4.716352
23.590080 147 -0.090771 -0.088424 -4.716739
23.630147 148 -0.090707 -0.073781 -4.716739
23.650107 149 -0.090678 -0.066408 -4.716352
23.670133 150 -0.090652 -0.059035 -4.715966
23.690049 151 -0.090632 -0.051817 -4.715193
23.710076 152 -0.090608 -0.044547 -4.715579
23.730076 153 -0.090586 -0.037535 -4.715579
23.750089 154 -0.090568 -0.030213 -4.714806
23.770088 155 -0.090559 -0.022943 -4.713647
23.790118 156 -0.090550 -0.015828 -4.713647
23.810096 157 -0.090541 -0.008404 -4.713647
23.830113 158 -0.090534 -0.001134 -4.713261
23.850094 159 -0.090517 0.006291 -4.714806
23.870112 160 -0.090496 0.013664 -4.715193
23.890221 161 -0.090470 0.020985 -4.715966
23.910089 162 -0.090447 0.028049 -4.715579
23.930089 163 -0.090430 0.035267 -4.714806
23.950187 164 -0.090415 0.042640 -4.714420
23.970091 165 -0.090403 0.049910 -4.714034
23.990052 166 -0.090391 0.057025 -4.714034
24.010076 167 -0.090388 0.064192 -4.712874
24.030185 168 -0.090413 0.070843 -4.708623
24.050088 169 -0.090453 0.077907 -4.706691
24.070096 170 -0.090486 0.085176 -4.707850
24.090118 171 -0.090516 0.092446 -4.708237
24.110077 172 -0.090549 0.099716 -4.707850
24.130131 173 -0.090579 0.106986 -4.708237
24.150126 174 -0.090606 0.114153 -4.708623
24.170118 175 -0.090630 0.121319 -4.709010
24.190260 176 -0.090655 0.128538 -4.709010
24.210090 177 -0.090680 0.135859 -4.709010
24.230238 178 -0.090704 0.143180 -4.709010
24.250155 179 -0.090726 0.150450 -4.709396
24.270214 180 -0.090745 0.157720 -4.709782
24.290219 181 -0.090764 0.164939 -4.709782
24.310216 182 -0.090780 0.172208 -4.710169
24.330116 183 -0.090796 0.179530 -4.710169
24.360217 184 -0.090816 0.190409 -4.710555
24.380224 185 -0.090827 0.197576 -4.710942
24.400222 186 -0.090834 0.204949 -4.711328
24.420106 187 -0.090839 0.212219 -4.711715
24.440137 188 -0.090839 0.219643 -4.712488
24.460088 189 -0.090830 0.226810 -4.713647
24.480197 190 -0.090821 0.233925 -4.713647
24.500066 191 -0.090812 0.241143 -4.713647
24.520056 192 -0.090802 0.248465 -4.713647
24.540184 193 -0.090793 0.255786 -4.713647
24.570097 194 -0.090784 0.266665 -4.713261
24.590035 195 -0.090810 0.273110 -4.708237
24.609981 196 -0.090848 0.280174 -4.707077
24.630047 197 -0.090880 0.287289 -4.707850
24.650049 198 -0.090913 0.294507 -4.707850
24.670053 199 -0.090943 0.301777 -4.708237
24.700080 200 -0.090980 0.312604 -4.709010
24.720058 201 -0.090998 0.319720 -4.709782
24.740033 202 -0.091012 0.326938 -4.710555
24.760036 203 -0.091025 0.334259 -4.710555
24.780078 204 -0.091038 0.341581 -4.710555
24.800057 205 -0.091049 0.348851 -4.710942
24.820053 206 -0.091062 0.356224 -4.710555
24.840095 207 -0.091076 0.363648 -4.710555
24.860055 208 -0.091092 0.371021 -4.710169
24.880029 209 -0.091106 0.378394 -4.710555
24.900009 210 -0.091119 0.385716 -4.710555
24.920066 211 -0.091130 0.392986 -4.710942
24.940056 212 -0.091144 0.400462 -4.710555
24.960019 213 -0.091157 0.407783 -4.710555
24.980083 214 -0.091165 0.415311 -4.711328
25.000068 215 -0.091170 0.422890 -4.711715
25.020008 216 -0.091172 0.430057 -4.712101
25.039978 217 -0.091177 0.437120 -4.711715
25.059974 218 -0.091182 0.444133 -4.711715
25.080020 219 -0.091189 0.451402 -4.711328
25.100030 220 -0.091197 0.458621 -4.711328
25.119997 221 -0.091207 0.465787 -4.710942
25.160044 222 -0.091299 0.479193 -4.705531
25.179999 223 -0.091344 0.486617 -4.706304
25.200017 224 -0.091376 0.494093 -4.708237
25.220028 225 -0.091409 0.501466 -4.707850
25.240016 226 -0.091439 0.508736 -4.708237
25.260045 227 -0.091469 0.515851 -4.708237
25.280028 228 -0.091495 0.522915 -4.708623
25.300035 229 -0.091516 0.529927 -4.709396
25.320033 230 -0.091534 0.536784 -4.709782
25.340053 231 -0.091554 0.543538 -4.709396
25.359999 232 -0.091577 0.550189 -4.709010
25.380030 233 -0.091601 0.556531 -4.708623
25.400055 234 -0.091625 0.563028 -4.708623
25.420083 235 -0.091662 0.569937 -4.707077
25.440057 236 -0.091705 0.576949 -4.706304
25.460031 237 -0.091757 0.584218 -4.705145
25.480054 238 -0.091842 0.591591 -4.700894
25.500084 239 -0.091954 0.599479 -4.698189
25.520091 240 -0.092073 0.607005 -4.696643
25.540032 241 -0.092192 0.615202 -4.697802
25.560053 242 -0.092274 0.623452 -4.702440
25.580036 243 -0.092358 0.631288 -4.701667
25.600053 244 -0.092395 0.639434 -4.707850
25.619992 245 -0.092466 0.646807 -4.702826
25.640017 246 -0.092481 0.655263 -4.710555
25.659998 247 -0.092523 0.662120 -4.706304
25.680022 248 -0.092506 0.670627 -4.714420
25.700031 249 -0.092525 0.677175 -4.709396
25.719998 250 -0.092558 0.684497 -4.707850
25.740030 251 -0.092465 0.693674 -4.722536
25.760027 252 -0.092484 0.699758 -4.709396
25.780014 253 -0.092524 0.706357 -4.706304
25.800006 254 -0.092492 0.715174 -4.715966
25.830018 255 -0.092479 0.725589 -4.713647
25.860057 256 -0.092457 0.736623 -4.714420
25.880064 257 -0.092436 0.744150 -4.715193
25.900058 258 -0.092399 0.751936 -4.717125
25.920106 259 -0.092411 0.758381 -4.710555
25.960099 260 -0.092426 0.773127 -4.711328
25.980090 261 -0.092393 0.780861 -4.716739
26.000036 262 -0.092389 0.787666 -4.712874
26.020074 263 -0.092346 0.795555 -4.717898
26.040050 264 -0.092335 0.802361 -4.714034
26.060087 265 -0.092314 0.809734 -4.715193
26.080081 266 -0.092296 0.817004 -4.714806
26.100089 267 -0.092271 0.824170 -4.715966
26.120083 268 -0.092223 0.831749 -4.718671
26.140089 269 -0.092202 0.838349 -4.715579
26.160075 270 -0.092122 0.846547 -4.722149
26.180100 271 -0.092117 0.852785 -4.713261
26.200103 272 -0.092077 0.860571 -4.717512
26.220101 273 -0.092052 0.867480 -4.715966
26.240122 274 -0.092014 0.874801 -4.717512
26.260080 275 -0.091996 0.881504 -4.715193
26.280090 276 -0.092003 0.888206 -4.711328
26.300063 277 -0.091914 0.896920 -4.722536
26.320084 278 -0.091904 0.903210 -4.714034
26.340086 279 -0.091895 0.910480 -4.713647
26.360043 280 -0.091788 0.919347 -4.724468
26.380079 281 -0.091760 0.925173 -4.717125
26.400132 282 -0.091737 0.932495 -4.715579
26.420103 283 -0.091667 0.940280 -4.721376
26.440040 284 -0.091628 0.947240 -4.717898
26.460050 285 -0.091559 0.954922 -4.721376
26.490070 286 -0.091489 0.965440 -4.719057
26.510100 287 -0.091444 0.972710 -4.718671
26.530099 288 -0.091405 0.979722 -4.717898
26.550098 289 -0.091338 0.987198 -4.721376
26.580162 290 -0.091239 0.998231 -4.721376
26.600085 291 -0.091208 1.004779 -4.717125
26.620084 292 -0.091146 1.012616 -4.720217
26.640089 293 -0.091111 1.019473 -4.717512
26.660089 294 -0.091062 1.026795 -4.719057
26.680085 295 -0.091011 1.034064 -4.719444
26.700106 296 -0.090968 1.040870 -4.718671
26.720099 297 -0.090850 1.049325 -4.726400
26.740100 298 -0.090818 1.055460 -4.717512
26.760111 299 -0.090744 1.063091 -4.722149
26.780089 300 -0.090700 1.070154 -4.718671
26.800046 301 -0.090652 1.077218 -4.719057
26.820060 302 -0.090623 1.083921 -4.716739
26.850121 303 -0.090593 1.094645 -4.715193
26.870102 304 -0.090528 1.102585 -4.720603
26.890112 305 -0.090525 1.108875 -4.712874
26.910061 306 -0.090449 1.117331 -4.721376
26.930087 307 -0.090397 1.124342 -4.719830
26.950088 308 -0.090344 1.131457 -4.719830
26.970079 309 -0.090277 1.138882 -4.721376
26.990106 310 -0.090231 1.145791 -4.719057
27.030120 311 -0.090134 1.160330 -4.719057
27.050069 312 -0.090061 1.168115 -4.721763
27.070106 313 -0.090025 1.174715 -4.717898
27.090103 314 -0.089965 1.182345 -4.720217
27.110090 315 -0.089933 1.189048 -4.717125
27.130116 316 -0.089874 1.196575 -4.720217
27.150055 317 -0.089836 1.203484 -4.717898
27.170075 318 -0.089800 1.210651 -4.717512
27.190064 319 -0.089762 1.218075 -4.717512
27.210075 320 -0.089737 1.224881 -4.715966
27.240100 321 -0.089694 1.235760 -4.716352
27.260043 0 -0.089657 1.243030 -4.717512
27.280036 0 -0.089605 1.250403 -4.719444
27.300064 1 -0.089615 1.252156 -4.706304
27.320061 2 -0.089616 1.252001 -4.715193
27.340080 3 -0.089613 1.253496 -4.714034
27.360111 4 -0.089613 1.253857 -4.713647
27.390115 5 -0.089608 1.255507 -4.715193
27.410100 6 -0.089599 1.257002 -4.718671
27.430116 7 -0.089591 1.258446 -4.717898
27.450122 8 -0.089587 1.259683 -4.715579
27.470110 9 -0.089560 1.262416 -4.722149
27.490103 10 -0.089551 1.263911 -4.718671
27.510086 11 -0.089520 1.266592 -4.724081
27.530119 12 -0.089513 1.267933 -4.717125
27.550073 13 -0.089478 1.271284 -4.722922
27.570086 14 -0.089471 1.272934 -4.716739
27.590075 15 -0.089449 1.276233 -4.719057
27.610073 16 -0.089430 1.279121 -4.719057
27.630097 17 -0.089420 1.282059 -4.715579
27.650091 18 -0.089378 1.286184 -4.722536
27.670075 19 -0.089382 1.288298 -4.710555
27.690046 20 -0.089341 1.293093 -4.720990
27.710012 21 -0.089290 1.297578 -4.723695
27.730016 22 -0.089295 1.299795 -4.710169
27.750062 23 -0.089263 1.305312 -4.718285
27.770064 24 -0.089230 1.309901 -4.719444
27.790075 25 -0.089211 1.314644 -4.716352
27.830062 26 -0.089163 1.324956 -4.717125
27.850076 27 -0.089128 1.330524 -4.718671
27.870064 28 -0.089110 1.335525 -4.715966
27.890072 29 -0.089059 1.342073 -4.720217
27.910076 30 -0.089040 1.347281 -4.715966
27.930074 31 -0.088981 1.354396 -4.720603
27.960127 32 -0.088934 1.363573 -4.717512
27.980098 33 -0.088889 1.370740 -4.718671
28.000075 34 -0.088875 1.376515 -4.714806
28.020073 35 -0.088843 1.383423 -4.717125
28.040058 36 -0.088830 1.388786 -4.714806
28.060074 37 -0.088788 1.395488 -4.718671
28.080043 38 -0.088772 1.400438 -4.715579
28.100127 39 -0.088724 1.406522 -4.720217
28.120064 40 -0.088692 1.411317 -4.719057
28.140124 41 -0.088652 1.416782 -4.719830
28.160118 42 -0.088616 1.421525 -4.719830
28.180110 43 -0.088585 1.426165 -4.719057
28.200103 44 -0.088545 1.430857 -4.720990
28.220096 45 -0.088522 1.434827 -4.718285
28.240093 46 -0.088478 1.439106 -4.722536
28.270098 47 -0.088429 1.444365 -4.721763
28.290103 48 -0.088393 1.447819 -4.722922
28.310068 49 -0.088373 1.450552 -4.719444
28.330103 50 -0.088330 1.454058 -4.724854
28.350103 51 -0.088321 1.455656 -4.717512
28.370114 52 -0.088280 1.459007 -4.724854
28.390097 53 -0.088264 1.460709 -4.721376
28.410105 54 -0.088246 1.462513 -4.722536
28.430092 55 -0.088221 1.464369 -4.725627
28.450074 56 -0.088212 1.465297 -4.722536
28.470104 57 -0.088193 1.466999 -4.723695
28.490076 0 -0.088194 1.466844 -4.722536
28.510101 0 -0.088182 1.467823 -4.724468
28.540109 1 -0.088178 1.468081 -4.731038
28.560101 2 -0.088134 1.469163 -4.753066
28.590122 3 -0.088108 1.469420 -4.812194
28.610112 4 -0.087982 1.470287 -4.856637
28.630068 5 -0.088243 1.468815 -4.887940
28.650075 6 -0.087735 1.470920 -4.949001
28.670083 7 -0.087211 1.472647 -5.007356
28.690092 8 -0.087348 1.472258 -5.051413
28.710076 9 -0.087132 1.472782 -5.103585
28.730076 10 -0.087219 1.472595 -5.149187
28.750079 11 -0.086952 1.473095 -5.202905
28.770062 12 -0.087110 1.472829 -5.249280
28.790075 13 -0.086707 1.473428 -5.304930
28.810100 14 -0.087077 1.472932 -5.352851
28.830099 15 -0.086548 1.473565 -5.408501
28.850114 16 -0.086897 1.473186 -5.457195
28.870138 17 -0.086528 1.473546 -5.511300
28.890136 18 -0.086760 1.473341 -5.559993
28.910137 19 -0.086356 1.473662 -5.611779
28.930067 20 -0.086565 1.473511 -5.657768
28.950104 21 -0.086176 1.473764 -5.706848
28.970062 22 -0.086442 1.473607 -5.750904
28.990076 23 -0.086032 1.473824 -5.796120
29.010045 24 -0.086172 1.473757 -5.836698
29.030054 25 -0.085935 1.473859 -5.878050
29.050079 26 -0.085839 1.473896 -5.916696
29.070075 27 -0.085936 1.473862 -5.953023
29.090086 28 -0.085591 1.473966 -5.991282
29.110089 29 -0.085989 1.473860 -6.024518
29.130076 30 -0.085235 1.474030 -6.062004
29.150073 31 -0.085993 1.473879 -6.086351
29.170076 32 -0.085179 1.474011 -6.122679
29.190108 33 -0.086149 1.473873 -6.142388
29.210044 34 -0.085739 1.473919 -6.170986
29.240086 35 -0.086304 1.473873 -6.201516
29.260134 36 -0.085635 1.473908 -6.230501
29.290094 37 -0.086099 1.473895 -6.254848
29.320074 38 -0.085274 1.473894 -6.284992
29.340029 39 -0.085892 1.473902 -6.296585
29.360100 40 -0.084604 1.473858 -6.317068
29.390120 41 -0.085532 1.473892 -6.319386
29.420100 0 -0.084656 1.473852 -6.329048
29.440138 1 -0.084605 1.473850 -6.329434
