0 0.000000 0.000000 0.000000 0.000000 0.000000
0 0.000000 0.000000 0.000000 0.000000 0.000000
0 0.025000 0.025000 0.000000 0.000000 0.000000
1 0.050000 0.050000 0.000410 0.000000 0.000000
2 0.075000 0.075000 0.001127 0.000000 0.000000
3 0.100000 0.100000 0.003022 0.000001 0.000400
4 0.125000 0.125000 0.004713 0.000001 0.000000
5 0.150000 0.150000 0.008093 0.000001 0.000000
6 0.175000 0.175000 0.012294 0.000001 0.000000
7 0.200000 0.200000 0.020592 0.000001 0.000000
8 0.225000 0.225000 0.026329 0.000001 0.000000
9 0.250000 0.250000 0.032681 0.000001 0.000000
10 0.275000 0.275000 0.046921 0.000001 0.000000
11 0.300000 0.300000 0.052043 0.000001 0.000000
12 0.325000 0.325000 0.063722 0.000001 0.000000
13 0.350000 0.350000 0.082675 0.000001 0.000000
14 0.375000 0.375000 0.096403 0.000001 0.000000
15 0.400000 0.400000 0.107314 0.000005 0.000400
16 0.400000 0.400000 0.119044 0.000005 0.000000
17 0.400000 0.400000 0.131030 0.000005 0.000000
18 0.400000 0.400000 0.147012 0.000005 0.000000
19 0.400000 0.400000 0.162994 0.000005 0.000000
20 0.400000 0.400000 0.178975 0.000005 0.000000
21 0.400000 0.400000 0.191013 0.000010 0.000400
22 0.400000 0.400000 0.199004 0.000013 0.000400
23 0.400000 0.400000 0.211042 0.000013 0.000000
24 0.400000 0.400000 0.219032 0.000013 0.000000
25 0.400000 0.400000 0.227023 0.000013 0.000000
26 0.400000 0.400000 0.239010 0.000013 0.000000
27 0.400000 0.400000 0.247001 0.000013 0.000000
28 0.400000 0.400000 0.258987 0.000013 0.000000
29 0.400000 0.400000 0.270973 0.000013 0.000000
30 0.400000 0.400000 0.279015 0.000016 0.000400
31 0.400000 0.400000 0.291002 0.000021 0.000400
32 0.400000 0.400000 0.299044 0.000021 0.000000
33 0.400000 0.400000 0.311030 0.000021 0.000000
34 0.400000 0.400000 0.319021 0.000021 0.000000
35 0.400000 0.400000 0.327012 0.000021 0.000000
36 0.400000 0.400000 0.335003 0.000021 0.000000
37 0.400000 0.400000 0.342994 0.000021 0.000000
38 0.400000 0.400000 0.350985 0.000021 0.000000
39 0.400000 0.400000 0.362971 0.000021 0.000000
40 0.400000 0.400000 0.371013 0.000024 0.000400
41 0.400000 0.400000 0.379004 0.000028 0.000400
42 0.400000 0.400000 0.387046 0.000028 0.000000
43 0.400000 0.400000 0.403028 0.000028 0.000000
44 0.400000 0.400000 0.411019 0.000028 0.000000
45 0.400000 0.400000 0.423005 0.000028 0.000000
46 0.400000 0.400000 0.434991 0.000028 0.000000
47 0.400000 0.400000 0.446978 0.000028 0.000000
48 0.400000 0.400000 0.454969 0.000028 0.000000
49 0.400000 0.400000 0.467006 0.000032 0.000400
50 0.400000 0.400000 0.478993 0.000037 0.000400
51 0.400000 0.400000 0.491030 0.000037 0.000000
52 0.400000 0.400000 0.503016 0.000037 0.000000
53 0.400000 0.400000 0.518998 0.000037 0.000000
54 0.400000 0.400000 0.534980 0.000037 0.000000
55 0.400000 0.400000 0.542971 0.000037 0.000000
56 0.400000 0.400000 0.555008 0.000042 0.000400
57 0.400000 0.400000 0.566995 0.000047 0.000400
58 0.400000 0.400000 0.579032 0.000047 0.000000
59 0.400000 0.400000 0.591019 0.000047 0.000000
60 0.400000 0.400000 0.603005 0.000047 0.000000
61 0.400000 0.400000 0.618987 0.000047 0.000000
62 0.400000 0.400000 0.630973 0.000047 0.000000
63 0.400000 0.400000 0.642959 0.000047 0.000000
64 0.400000 0.400000 0.654997 0.000052 0.000400
65 0.400000 0.400000 0.675025 0.000052 0.000000
66 0.400000 0.400000 0.683016 0.000052 0.000000
67 0.400000 0.400000 0.695003 0.000052 0.000000
68 0.400000 0.400000 0.702994 0.000052 0.000000
69 0.400000 0.400000 0.718975 0.000052 0.000000
70 0.400000 0.400000 0.730962 0.000052 0.000000
71 0.400000 0.400000 0.742999 0.000056 0.000400
72 0.400000 0.400000 0.750990 0.000060 0.000400
73 0.400000 0.400000 0.763028 0.000060 0.000000
74 0.400000 0.400000 0.779010 0.000060 0.000000
75 0.400000 0.400000 0.790996 0.000060 0.000000
76 0.400000 0.400000 0.798987 0.000060 0.000000
77 0.400000 0.400000 0.818964 0.000060 0.000000
78 0.400000 0.400000 0.831002 0.000064 0.000400
79 0.400000 0.400000 0.842988 0.000069 0.000400
80 0.400000 0.400000 0.855025 0.000069 0.000000
81 0.400000 0.400000 0.867012 0.000069 0.000000
82 0.400000 0.400000 0.878998 0.000069 0.000000
83 0.400000 0.400000 0.890984 0.000069 0.000000
84 0.400000 0.400000 0.906966 0.000069 0.000000
85 0.400000 0.400000 0.918953 0.000069 0.000000
86 0.400000 0.400000 0.934986 0.000076 0.000400
87 0.400000 0.400000 0.951019 0.000076 0.000000
88 0.400000 0.400000 0.963005 0.000076 0.000000
89 0.400000 0.400000 0.974991 0.000076 0.000000
90 0.400000 0.400000 0.982982 0.000076 0.000000
91 0.400000 0.400000 0.998964 0.000076 0.000000
92 0.400000 0.400000 1.006955 0.000076 0.000000
93 0.400000 0.400000 1.018992 0.000080 0.000400
94 0.400000 0.400000 1.026983 0.000084 0.000400
95 0.400000 0.400000 1.039021 0.000084 0.000000
96 0.400000 0.400000 1.058998 0.000084 0.000000
97 0.400000 0.400000 1.074980 0.000084 0.000000
98 0.400000 0.400000 1.082971 0.000084 0.000000
99 0.400000 0.400000 1.094957 0.000084 0.000000
100 0.400000 0.400000 1.102948 0.000084 0.000000
101 0.400000 0.400000 1.114986 0.000088 0.000400
102 0.400000 0.400000 1.127023 0.000088 0.000000
103 0.400000 0.400000 1.143005 0.000088 0.000000
104 0.400000 0.400000 1.158987 0.000088 0.000000
105 0.400000 0.400000 1.170973 0.000088 0.000000
106 0.400000 0.400000 1.182959 0.000088 0.000000
107 0.400000 0.400000 1.194946 0.000088 0.000000
108 0.400000 0.400000 1.202988 0.000092 0.000400
109 0.400000 0.400000 1.219021 0.000092 0.000000
110 0.400000 0.400000 1.254980 0.000092 0.000000
111 0.400000 0.400000 1.266966 0.000092 0.000000
112 0.400000 0.400000 1.286943 0.000092 0.000000
113 0.400000 0.400000 1.302976 0.000098 0.000400
114 0.400000 0.400000 1.315014 0.000098 0.000000
115 0.400000 0.400000 1.327000 0.000098 0.000000
116 0.400000 0.400000 1.342982 0.000098 0.000000
117 0.400000 0.400000 1.354968 0.000098 0.000000
118 0.400000 0.400000 1.366955 0.000098 0.000000
119 0.400000 0.400000 1.378941 0.000098 0.000000
120 0.400000 0.400000 1.390979 0.000103 0.000400
121 0.400000 0.400000 1.398970 0.000106 0.000400
122 0.400000 0.400000 1.411007 0.000106 0.000000
123 0.400000 0.400000 1.426989 0.000106 0.000000
124 0.400000 0.400000 1.438975 0.000106 0.000000
125 0.400000 0.400000 1.454957 0.000106 0.000000
126 0.400000 0.400000 1.466943 0.000106 0.000000
127 0.400000 0.400000 1.478981 0.000111 0.000400
128 0.400000 0.400000 1.490967 0.000116 0.000400
129 0.400000 0.400000 1.503005 0.000116 0.000000
130 0.400000 0.400000 1.514991 0.000116 0.000000
131 0.400000 0.400000 1.526978 0.000116 0.000000
132 0.400000 0.400000 1.538964 0.000116 0.000000
133 0.400000 0.400000 1.550950 0.000116 0.000000
134 0.400000 0.400000 1.566983 0.000122 0.000400
135 0.400000 0.400000 1.578970 0.000127 0.000400
136 0.400000 0.400000 1.587012 0.000127 0.000000
137 0.400000 0.400000 1.595003 0.000127 0.000000
138 0.400000 0.400000 1.602993 0.000127 0.000000
139 0.400000 0.400000 1.610984 0.000127 0.000000
140 0.400000 0.400000 1.622971 0.000127 0.000000
141 0.400000 0.400000 1.634957 0.000127 0.000000
142 0.400000 0.400000 1.642948 0.000127 0.000000
143 0.400000 0.400000 1.654934 0.000127 0.000000
144 0.400000 0.400000 1.670967 0.000133 0.000400
145 0.400000 0.400000 1.683005 0.000133 0.000000
146 0.400000 0.400000 1.694991 0.000133 0.000000
147 0.400000 0.400000 1.714968 0.000133 0.000000
148 0.400000 0.400000 1.726955 0.000133 0.000000
149 0.400000 0.400000 1.742937 0.000133 0.000000
150 0.400000 0.400000 1.782993 0.000133 0.000000
151 0.400000 0.400000 1.802971 0.000133 0.000000
152 0.400000 0.400000 1.822948 0.000133 0.000000
153 0.400000 0.400000 1.838930 0.000133 0.000000
154 0.400000 0.400000 1.858958 0.000141 0.000400
155 0.400000 0.400000 1.870996 0.000141 0.000000
156 0.400000 0.400000 1.890973 0.000141 0.000000
157 0.400000 0.400000 1.902959 0.000141 0.000000
158 0.400000 0.400000 1.926932 0.000141 0.000000
159 0.400000 0.400000 1.938969 0.000146 0.000400
160 0.400000 0.400000 1.955002 0.000146 0.000000
161 0.400000 0.400000 1.966989 0.000146 0.000000
162 0.400000 0.400000 1.978975 0.000146 0.000000
163 0.400000 0.400000 1.994957 0.000146 0.000000
164 0.400000 0.400000 2.014934 0.000146 0.000000
165 0.000000 0.000000 2.030967 0.000153 0.000400
166 0.000000 0.000000 2.034963 0.000154 0.000400
