0 0.000000 0.000000 0.000000 0.000000 0.000000
0 0.000000 0.000000 0.000000 0.000000 0.000000
0 0.025000 0.025000 0.000000 0.000000 0.000000
1 0.050000 0.050000 0.000410 0.000000 0.000000
2 0.075000 0.075000 0.001127 0.000000 0.000000
3 0.100000 0.100000 0.003688 0.000000 0.000000
4 0.125000 0.125000 0.006454 0.000000 0.000000
5 0.150000 0.150000 0.009835 0.000000 0.000000
6 0.175000 0.175000 0.014035 0.000000 0.000000
7 0.200000 0.200000 0.017211 0.000000 0.000000
8 0.200000 0.200000 0.020899 0.000000 0.000000
9 0.200000 0.200000 0.024895 0.000000 0.000000
10 0.200000 0.200000 0.030939 0.000000 0.000000
11 0.200000 0.200000 0.036881 0.000000 0.000000
12 0.200000 0.200000 0.042925 0.000000 0.000000
13 0.200000 0.200000 0.046921 0.000000 0.000000
14 0.200000 0.200000 0.052914 0.000002 0.000400
15 0.200000 0.200000 0.058907 0.000002 0.000000
16 0.200000 0.200000 0.064952 0.000002 0.000000
17 0.200000 0.200000 0.068947 0.000002 0.000000
18 0.200000 0.200000 0.074889 0.000002 0.000000
19 0.200000 0.200000 0.078884 0.000002 0.000000
20 0.200000 0.200000 0.084929 0.000002 0.000000
21 0.200000 0.200000 0.088924 0.000002 0.000000
22 0.200000 0.200000 0.094917 0.000005 0.000400
23 0.200000 0.200000 0.100911 0.000005 0.000000
24 0.200000 0.200000 0.104906 0.000005 0.000000
25 0.200000 0.200000 0.112897 0.000005 0.000000
26 0.200000 0.200000 0.118941 0.000005 0.000000
27 0.200000 0.200000 0.124883 0.000005 0.000000
28 0.200000 0.200000 0.132874 0.000005 0.000000
29 0.200000 0.200000 0.138919 0.000005 0.000000
30 0.200000 0.200000 0.142914 0.000005 0.000000
31 0.200000 0.200000 0.150905 0.000005 0.000000
32 0.200000 0.200000 0.156949 0.000005 0.000000
33 0.200000 0.200000 0.160945 0.000005 0.000000
34 0.200000 0.200000 0.166887 0.000005 0.000000
35 0.200000 0.200000 0.172931 0.000005 0.000000
36 0.200000 0.200000 0.178873 0.000005 0.000000
37 0.200000 0.200000 0.184917 0.000005 0.000000
38 0.200000 0.200000 0.190911 0.000007 0.000400
39 0.200000 0.200000 0.196904 0.000007 0.000000
40 0.200000 0.200000 0.200899 0.000007 0.000000
41 0.200000 0.200000 0.206944 0.000007 0.000000
42 0.200000 0.200000 0.214935 0.000007 0.000000
43 0.200000 0.200000 0.218930 0.000007 0.000000
44 0.200000 0.200000 0.224872 0.000007 0.000000
45 0.200000 0.200000 0.232914 0.000010 0.000400
46 0.200000 0.200000 0.238907 0.000010 0.000000
47 0.200000 0.200000 0.244900 0.000013 0.000400
48 0.200000 0.200000 0.250894 0.000013 0.000000
49 0.200000 0.200000 0.260933 0.000013 0.000000
50 0.200000 0.200000 0.268924 0.000013 0.000000
51 0.200000 0.200000 0.276915 0.000013 0.000000
52 0.200000 0.200000 0.284906 0.000013 0.000000
53 0.200000 0.200000 0.292897 0.000013 0.000000
54 0.200000 0.200000 0.298941 0.000013 0.000000
55 0.200000 0.200000 0.302937 0.000013 0.000000
56 0.200000 0.200000 0.308879 0.000013 0.000000
57 0.200000 0.200000 0.314923 0.000013 0.000000
58 0.200000 0.200000 0.320916 0.000015 0.000400
59 0.200000 0.200000 0.326909 0.000015 0.000000
60 0.200000 0.200000 0.332903 0.000018 0.000400
61 0.200000 0.200000 0.338896 0.000018 0.000000
62 0.200000 0.200000 0.344940 0.000018 0.000000
63 0.200000 0.200000 0.350882 0.000018 0.000000
64 0.200000 0.200000 0.358873 0.000018 0.000000
65 0.200000 0.200000 0.364917 0.000018 0.000000
66 0.200000 0.200000 0.368913 0.000018 0.000000
67 0.200000 0.200000 0.374906 0.000020 0.000400
68 0.200000 0.200000 0.380899 0.000020 0.000000
69 0.200000 0.200000 0.386944 0.000020 0.000000
70 0.200000 0.200000 0.394934 0.000020 0.000000
71 0.200000 0.200000 0.400876 0.000020 0.000000
72 0.200000 0.200000 0.406921 0.000020 0.000000
73 0.200000 0.200000 0.414912 0.000020 0.000000
74 0.200000 0.200000 0.420905 0.000022 0.000400
75 0.200000 0.200000 0.426898 0.000022 0.000000
76 0.200000 0.200000 0.434889 0.000022 0.000000
77 0.200000 0.200000 0.442880 0.000022 0.000000
78 0.200000 0.200000 0.452920 0.000022 0.000000
79 0.200000 0.200000 0.460911 0.000022 0.000000
80 0.200000 0.200000 0.466904 0.000025 0.000400
81 0.200000 0.200000 0.472897 0.000025 0.000000
82 0.200000 0.200000 0.476892 0.000025 0.000000
83 0.200000 0.200000 0.480888 0.000025 0.000000
84 0.200000 0.200000 0.484883 0.000025 0.000000
85 0.200000 0.200000 0.494923 0.000025 0.000000
86 0.200000 0.200000 0.500865 0.000025 0.000000
87 0.200000 0.200000 0.504860 0.000025 0.000000
88 0.200000 0.200000 0.510905 0.000025 0.000000
89 0.200000 0.200000 0.514900 0.000025 0.000000
90 0.200000 0.200000 0.518896 0.000025 0.000000
91 0.200000 0.200000 0.524940 0.000025 0.000000
92 0.200000 0.200000 0.528936 0.000025 0.000000
93 0.200000 0.200000 0.534878 0.000025 0.000000
94 0.200000 0.200000 0.540922 0.000025 0.000000
95 0.200000 0.200000 0.550859 0.000025 0.000000
96 0.200000 0.200000 0.560899 0.000025 0.000000
97 0.200000 0.200000 0.574934 0.000025 0.000000
98 0.200000 0.200000 0.578930 0.000025 0.000000
99 0.200000 0.200000 0.586921 0.000025 0.000000
100 0.200000 0.200000 0.602903 0.000025 0.000000
101 0.200000 0.200000 0.608896 0.000027 0.000400
102 0.200000 0.200000 0.616938 0.000027 0.000000
103 0.200000 0.200000 0.624929 0.000027 0.000000
104 0.200000 0.200000 0.630871 0.000027 0.000000
105 0.200000 0.200000 0.642857 0.000027 0.000000
106 0.200000 0.200000 0.654895 0.000032 0.000400
107 0.200000 0.200000 0.670928 0.000032 0.000000
108 0.200000 0.200000 0.678918 0.000032 0.000000
109 0.200000 0.200000 0.696898 0.000039 0.000400
110 0.200000 0.200000 0.704889 0.000042 0.000400
111 0.200000 0.200000 0.714878 0.000042 0.000000
112 0.200000 0.200000 0.720922 0.000042 0.000000
113 0.200000 0.200000 0.726864 0.000042 0.000000
114 0.200000 0.200000 0.734855 0.000042 0.000000
115 0.200000 0.200000 0.742897 0.000046 0.000400
116 0.200000 0.200000 0.748890 0.000046 0.000000
117 0.200000 0.200000 0.756881 0.000046 0.000000
118 0.200000 0.200000 0.764872 0.000046 0.000000
119 0.200000 0.200000 0.774912 0.000046 0.000000
120 0.200000 0.200000 0.780854 0.000046 0.000000
121 0.200000 0.200000 0.786898 0.000046 0.000000
122 0.200000 0.200000 0.792891 0.000048 0.000400
123 0.200000 0.200000 0.798884 0.000048 0.000000
124 0.200000 0.200000 0.804929 0.000048 0.000000
125 0.200000 0.200000 0.812920 0.000048 0.000000
126 0.200000 0.200000 0.822857 0.000048 0.000000
127 0.200000 0.200000 0.830899 0.000051 0.000400
128 0.200000 0.200000 0.834895 0.000053 0.000400
129 0.200000 0.200000 0.840888 0.000053 0.000000
130 0.200000 0.200000 0.846932 0.000053 0.000000
131 0.200000 0.200000 0.852874 0.000053 0.000000
132 0.200000 0.200000 0.864860 0.000053 0.000000
133 0.200000 0.200000 0.874900 0.000053 0.000000
134 0.200000 0.200000 0.882891 0.000053 0.000000
135 0.200000 0.200000 0.890882 0.000053 0.000000
136 0.200000 0.200000 0.896926 0.000053 0.000000
137 0.200000 0.200000 0.902868 0.000053 0.000000
138 0.200000 0.200000 0.908913 0.000053 0.000000
139 0.200000 0.200000 0.916904 0.000053 0.000000
140 0.200000 0.200000 0.922897 0.000055 0.000400
141 0.200000 0.200000 0.928890 0.000055 0.000000
142 0.200000 0.200000 0.934883 0.000058 0.000400
143 0.200000 0.200000 0.944872 0.000058 0.000000
144 0.200000 0.200000 0.950916 0.000058 0.000000
145 0.200000 0.200000 0.956858 0.000058 0.000000
146 0.200000 0.200000 0.960854 0.000058 0.000000
147 0.200000 0.200000 0.970893 0.000058 0.000000
148 0.200000 0.200000 0.976887 0.000060 0.000400
149 0.200000 0.200000 0.980882 0.000062 0.000400
150 0.200000 0.200000 0.988924 0.000062 0.000000
151 0.200000 0.200000 0.996915 0.000062 0.000000
152 0.200000 0.200000 1.004906 0.000062 0.000000
153 0.200000 0.200000 1.012897 0.000062 0.000000
154 0.200000 0.200000 1.020888 0.000062 0.000000
155 0.200000 0.200000 1.028879 0.000062 0.000000
156 0.200000 0.200000 1.036869 0.000062 0.000000
157 0.200000 0.200000 1.042914 0.000062 0.000000
158 0.200000 0.200000 1.050905 0.000062 0.000000
159 0.200000 0.200000 1.056847 0.000062 0.000000
160 0.200000 0.200000 1.068884 0.000066 0.000400
161 0.200000 0.200000 1.078873 0.000066 0.000000
162 0.200000 0.200000 1.082868 0.000066 0.000000
163 0.200000 0.200000 1.090859 0.000066 0.000000
164 0.200000 0.200000 1.096904 0.000066 0.000000
165 0.200000 0.200000 1.100899 0.000066 0.000000
166 0.200000 0.200000 1.110888 0.000070 0.000400
167 0.200000 0.200000 1.118879 0.000074 0.000400
168 0.200000 0.200000 1.124872 0.000074 0.000000
169 0.200000 0.200000 1.132863 0.000074 0.000000
170 0.200000 0.200000 1.140854 0.000074 0.000000
171 0.200000 0.200000 1.146898 0.000074 0.000000
172 0.200000 0.200000 1.152891 0.000076 0.000400
173 0.200000 0.200000 1.158884 0.000076 0.000000
174 0.200000 0.200000 1.166875 0.000076 0.000000
175 0.200000 0.200000 1.174866 0.000076 0.000000
176 0.200000 0.200000 1.186852 0.000076 0.000000
177 0.200000 0.200000 1.198890 0.000081 0.000400
178 0.200000 0.200000 1.204883 0.000081 0.000000
179 0.200000 0.200000 1.212874 0.000081 0.000000
180 0.200000 0.200000 1.220865 0.000081 0.000000
181 0.200000 0.200000 1.224860 0.000081 0.000000
182 0.200000 0.200000 1.230905 0.000081 0.000000
183 0.200000 0.200000 1.236847 0.000081 0.000000
184 0.200000 0.200000 1.242891 0.000081 0.000000
185 0.200000 0.200000 1.248884 0.000083 0.000400
186 0.200000 0.200000 1.254877 0.000083 0.000000
187 0.200000 0.200000 1.260922 0.000083 0.000000
188 0.200000 0.200000 1.266864 0.000083 0.000000
189 0.200000 0.200000 1.274855 0.000083 0.000000
190 0.200000 0.200000 1.280899 0.000083 0.000000
191 0.200000 0.200000 1.286841 0.000083 0.000000
192 0.200000 0.200000 1.294883 0.000086 0.000400
193 0.200000 0.200000 1.300876 0.000086 0.000000
194 0.200000 0.200000 1.304872 0.000086 0.000000
195 0.200000 0.200000 1.310916 0.000086 0.000000
196 0.200000 0.200000 1.318907 0.000086 0.000000
197 0.200000 0.200000 1.328844 0.000086 0.000000
198 0.200000 0.200000 1.336886 0.000090 0.000400
199 0.200000 0.200000 1.342880 0.000090 0.000000
200 0.200000 0.200000 1.352920 0.000090 0.000000
201 0.200000 0.200000 1.360910 0.000090 0.000000
202 0.200000 0.200000 1.368901 0.000090 0.000000
203 0.200000 0.200000 1.374843 0.000090 0.000000
204 0.200000 0.200000 1.382885 0.000093 0.000400
205 0.200000 0.200000 1.388879 0.000093 0.000000
206 0.200000 0.200000 1.400865 0.000093 0.000000
207 0.200000 0.200000 1.406909 0.000093 0.000000
208 0.200000 0.200000 1.414900 0.000093 0.000000
209 0.200000 0.200000 1.420842 0.000093 0.000000
210 0.200000 0.200000 1.426886 0.000093 0.000000
211 0.200000 0.200000 1.436875 0.000097 0.000400
212 0.200000 0.200000 1.446864 0.000097 0.000000
213 0.200000 0.200000 1.464894 0.000097 0.000000
214 0.200000 0.200000 1.472885 0.000097 0.000000
215 0.200000 0.200000 1.486869 0.000103 0.000400
216 0.200000 0.200000 1.494912 0.000103 0.000000
217 0.200000 0.200000 1.500853 0.000103 0.000000
218 0.200000 0.200000 1.508844 0.000103 0.000000
219 0.200000 0.200000 1.518884 0.000103 0.000000
220 0.200000 0.200000 1.522880 0.000103 0.000000
221 0.200000 0.200000 1.528873 0.000105 0.000400
222 0.200000 0.200000 1.536915 0.000105 0.000000
223 0.200000 0.200000 1.544906 0.000105 0.000000
224 0.200000 0.200000 1.548901 0.000105 0.000000
225 0.200000 0.200000 1.556892 0.000105 0.000000
226 0.200000 0.200000 1.560888 0.000105 0.000000
227 0.200000 0.200000 1.568878 0.000105 0.000000
228 0.200000 0.200000 1.576869 0.000105 0.000000
229 0.200000 0.200000 1.582914 0.000105 0.000000
230 0.200000 0.200000 1.592851 0.000105 0.000000
231 0.200000 0.200000 1.602891 0.000105 0.000000
232 0.200000 0.200000 1.614877 0.000105 0.000000
233 0.200000 0.200000 1.628913 0.000105 0.000000
234 0.200000 0.200000 1.638850 0.000105 0.000000
235 0.200000 0.200000 1.644894 0.000105 0.000000
236 0.200000 0.200000 1.654832 0.000105 0.000000
237 0.200000 0.200000 1.664872 0.000105 0.000000
238 0.200000 0.200000 1.670865 0.000107 0.000400
239 0.200000 0.200000 1.680853 0.000107 0.000000
240 0.200000 0.200000 1.694889 0.000107 0.000000
241 0.200000 0.200000 1.704877 0.000111 0.000400
242 0.200000 0.200000 1.710870 0.000111 0.000000
243 0.200000 0.200000 1.718861 0.000111 0.000000
244 0.200000 0.200000 1.726852 0.000111 0.000000
245 0.200000 0.200000 1.738839 0.000111 0.000000
246 0.200000 0.200000 1.746830 0.000111 0.000000
247 0.200000 0.200000 1.752874 0.000111 0.000000
248 0.200000 0.200000 1.758867 0.000114 0.000400
249 0.200000 0.200000 1.766909 0.000114 0.000000
250 0.200000 0.200000 1.772851 0.000114 0.000000
251 0.200000 0.200000 1.778896 0.000114 0.000000
252 0.200000 0.200000 1.792828 0.000114 0.000000
253 0.200000 0.200000 1.806864 0.000114 0.000000
254 0.200000 0.200000 1.820899 0.000114 0.000000
255 0.200000 0.200000 1.828890 0.000114 0.000000
256 0.200000 0.200000 1.842874 0.000119 0.000400
257 0.200000 0.200000 1.852863 0.000119 0.000000
258 0.200000 0.200000 1.858907 0.000119 0.000000
259 0.200000 0.200000 1.868844 0.000119 0.000000
260 0.200000 0.200000 1.882880 0.000119 0.000000
261 0.200000 0.200000 1.890870 0.000119 0.000000
262 0.200000 0.200000 1.902857 0.000119 0.000000
263 0.200000 0.200000 1.908901 0.000119 0.000000
264 0.200000 0.200000 1.916892 0.000119 0.000000
265 0.200000 0.200000 1.924883 0.000119 0.000000
266 0.200000 0.200000 1.932874 0.000119 0.000000
267 0.200000 0.200000 1.942862 0.000123 0.000400
268 0.200000 0.200000 1.952851 0.000123 0.000000
269 0.200000 0.200000 1.958895 0.000123 0.000000
270 0.200000 0.200000 1.970882 0.000123 0.000000
271 0.200000 0.200000 1.978873 0.000123 0.000000
272 0.200000 0.200000 1.984866 0.000126 0.000400
273 0.200000 0.200000 1.996903 0.000126 0.000000
274 0.200000 0.200000 2.004894 0.000126 0.000000
275 0.000000 0.000000 2.012885 0.000126 0.000000
276 0.000000 0.000000 2.014832 0.000126 0.000000
