0 0.000000 0.000000 0.000000 0.000000 0.000000
0 0.000000 0.000000 0.000000 0.000000 0.000000
0 0.200000 0.200000 0.000000 0.000000 0.000000
1 0.200000 0.200000 0.002049 0.000000 0.000000
2 0.200000 0.200000 0.010040 0.000000 0.000000
3 0.200000 0.200000 0.015982 0.000000 0.000000
4 0.200000 0.200000 0.019977 0.000000 0.000000
5 0.200000 0.200000 0.024024 0.000002 0.000400
6 0.200000 0.200000 0.048048 0.000002 -0.000000
7 0.200000 0.200000 0.056039 0.000002 -0.000000
8 0.200000 0.200000 0.065976 0.000002 -0.000000
9 0.200000 0.200000 0.076016 0.000002 -0.000000
10 0.200000 0.200000 0.086005 0.000006 0.000400
11 0.200000 0.200000 0.094047 0.000006 -0.000000
12 0.200000 0.200000 0.099989 0.000006 -0.000000
13 0.200000 0.200000 0.107979 0.000006 -0.000000
14 0.200000 0.200000 0.116022 0.000009 0.000400
15 0.200000 0.200000 0.122015 0.000009 -0.000000
16 0.200000 0.200000 0.130006 0.000009 -0.000000
17 0.200000 0.200000 0.137997 0.000009 -0.000000
18 0.200000 0.200000 0.145987 0.000009 -0.000000
19 0.200000 0.200000 0.156027 0.000009 -0.000000
20 0.200000 0.200000 0.168014 0.000009 -0.000000
21 0.200000 0.200000 0.178002 0.000013 0.000400
22 0.200000 0.200000 0.199977 0.000013 -0.000000
23 0.200000 0.200000 0.225999 0.000013 -0.000000
24 0.200000 0.200000 0.237985 0.000013 -0.000000
25 0.200000 0.200000 0.245976 0.000013 -0.000000
26 0.200000 0.200000 0.253967 0.000013 -0.000000
27 0.200000 0.200000 0.262009 0.000016 0.000400
28 0.200000 0.200000 0.268002 0.000016 -0.000000
29 0.200000 0.200000 0.274047 0.000016 -0.000000
30 0.200000 0.200000 0.279989 0.000016 -0.000000
31 0.200000 0.200000 0.294024 0.000016 -0.000000
32 0.200000 0.200000 0.304012 0.000020 0.000400
33 0.200000 0.200000 0.317997 0.000020 -0.000000
34 0.200000 0.200000 0.329983 0.000020 -0.000000
35 0.200000 0.200000 0.337974 0.000020 -0.000000
36 0.200000 0.200000 0.348014 0.000020 -0.000000
37 0.200000 0.200000 0.354007 0.000022 0.000400
38 0.200000 0.200000 0.360000 0.000022 -0.000000
39 0.200000 0.200000 0.367991 0.000022 -0.000000
40 0.200000 0.200000 0.379977 0.000022 -0.000000
41 0.200000 0.200000 0.390017 0.000022 -0.000000
42 0.200000 0.200000 0.396010 0.000025 0.000400
43 0.200000 0.200000 0.404001 0.000028 0.000400
44 0.200000 0.200000 0.409994 0.000028 -0.000000
45 0.200000 0.200000 0.421981 0.000028 -0.000000
46 0.200000 0.200000 0.429971 0.000028 -0.000000
47 0.200000 0.200000 0.436016 0.000028 -0.000000
48 0.200000 0.200000 0.446004 0.000032 0.000400
49 0.200000 0.200000 0.455993 0.000032 -0.000000
50 0.200000 0.200000 0.463984 0.000032 -0.000000
51 0.200000 0.200000 0.494001 0.000032 -0.000000
52 0.200000 0.200000 0.499994 0.000034 0.000400
53 0.200000 0.200000 0.505987 0.000034 -0.000000
54 0.200000 0.200000 0.512032 0.000034 -0.000000
55 0.200000 0.200000 0.516027 0.000034 -0.000000
56 0.200000 0.200000 0.520023 0.000034 -0.000000
57 0.200000 0.200000 0.529960 0.000034 -0.000000
58 0.200000 0.200000 0.538002 0.000038 0.000400
59 0.200000 0.200000 0.545993 0.000041 0.000400
60 0.200000 0.200000 0.551986 0.000041 -0.000000
61 0.200000 0.200000 0.566022 0.000041 -0.000000
62 0.200000 0.200000 0.571963 0.000041 -0.000000
63 0.200000 0.200000 0.582003 0.000041 -0.000000
64 0.200000 0.200000 0.589994 0.000041 -0.000000
65 0.200000 0.200000 0.597985 0.000041 -0.000000
66 0.200000 0.200000 0.609971 0.000041 -0.000000
67 0.200000 0.200000 0.616016 0.000041 -0.000000
68 0.200000 0.200000 0.621958 0.000041 -0.000000
69 0.200000 0.200000 0.630000 0.000044 0.000400
70 0.200000 0.200000 0.654024 0.000044 -0.000000
71 0.200000 0.200000 0.675999 0.000053 0.000400
72 0.200000 0.200000 0.696027 0.000053 -0.000000
73 0.200000 0.200000 0.712009 0.000053 -0.000000
74 0.200000 0.200000 0.720000 0.000053 -0.000000
75 0.200000 0.200000 0.729988 0.000057 0.000400
76 0.200000 0.200000 0.746021 0.000057 -0.000000
77 0.200000 0.200000 0.754012 0.000057 -0.000000
78 0.200000 0.200000 0.762003 0.000057 -0.000000
79 0.200000 0.200000 0.775987 0.000062 0.000400
80 0.200000 0.200000 0.789971 0.000062 -0.000000
81 0.200000 0.200000 0.797962 0.000062 -0.000000
82 0.200000 0.200000 0.805953 0.000062 -0.000000
83 0.200000 0.200000 0.817991 0.000067 0.000400
84 0.200000 0.200000 0.826033 0.000067 -0.000000
85 0.200000 0.200000 0.838019 0.000067 -0.000000
86 0.200000 0.200000 0.847957 0.000067 -0.000000
87 0.200000 0.200000 0.854001 0.000067 -0.000000
88 0.200000 0.200000 0.859994 0.000070 0.000400
89 0.200000 0.200000 0.869983 0.000070 -0.000000
90 0.200000 0.200000 0.877974 0.000070 -0.000000
91 0.200000 0.200000 0.884018 0.000070 -0.000000
92 0.200000 0.200000 0.900000 0.000070 -0.000000
93 0.200000 0.200000 0.922026 0.000070 -0.000000
94 0.200000 0.200000 0.931963 0.000070 -0.000000
95 0.200000 0.200000 0.942003 0.000070 -0.000000
96 0.200000 0.200000 0.957985 0.000070 -0.000000
97 0.200000 0.200000 0.972020 0.000070 -0.000000
98 0.200000 0.200000 0.988002 0.000070 -0.000000
99 0.200000 0.200000 0.995993 0.000070 -0.000000
100 0.200000 0.200000 1.010028 0.000070 -0.000000
101 0.200000 0.200000 1.018019 0.000070 -0.000000
102 0.200000 0.200000 1.034001 0.000070 -0.000000
103 0.200000 0.200000 1.047985 0.000075 0.000400
104 0.200000 0.200000 1.061969 0.000075 -0.000000
105 0.200000 0.200000 1.073955 0.000075 -0.000000
106 0.200000 0.200000 1.081946 0.000075 -0.000000
107 0.200000 0.200000 1.089988 0.000078 0.000400
108 0.200000 0.200000 1.095982 0.000078 -0.000000
109 0.200000 0.200000 1.103972 0.000078 -0.000000
110 0.200000 0.200000 1.110017 0.000078 -0.000000
111 0.200000 0.200000 1.114012 0.000078 -0.000000
112 0.200000 0.200000 1.123950 0.000078 -0.000000
113 0.200000 0.200000 1.129994 0.000078 -0.000000
114 0.200000 0.200000 1.133990 0.000078 -0.000000
115 0.200000 0.200000 1.137985 0.000078 -0.000000
116 0.200000 0.200000 1.148025 0.000078 -0.000000
117 0.200000 0.200000 1.157962 0.000078 -0.000000
118 0.200000 0.200000 1.165953 0.000078 -0.000000
119 0.200000 0.200000 1.175993 0.000078 -0.000000
120 0.200000 0.200000 1.191975 0.000078 -0.000000
121 0.200000 0.200000 1.203961 0.000078 -0.000000
122 0.200000 0.200000 1.211952 0.000078 -0.000000
123 0.200000 0.200000 1.225987 0.000078 -0.000000
124 0.200000 0.200000 1.231980 0.000081 0.000400
125 0.200000 0.200000 1.244018 0.000081 -0.000000
126 0.200000 0.200000 1.249960 0.000081 -0.000000
127 0.200000 0.200000 1.256004 0.000081 -0.000000
128 0.200000 0.200000 1.263995 0.000081 -0.000000
129 0.200000 0.200000 1.271986 0.000081 -0.000000
130 0.200000 0.200000 1.286021 0.000081 -0.000000
131 0.200000 0.200000 1.294012 0.000081 -0.000000
132 0.200000 0.200000 1.303950 0.000081 -0.000000
133 0.200000 0.200000 1.309994 0.000081 -0.000000
134 0.200000 0.200000 1.317985 0.000081 -0.000000
135 0.200000 0.200000 1.327974 0.000085 0.000400
136 0.200000 0.200000 1.336016 0.000085 -0.000000
137 0.200000 0.200000 1.341958 0.000085 -0.000000
138 0.200000 0.200000 1.349949 0.000085 -0.000000
139 0.200000 0.200000 1.357939 0.000085 -0.000000
140 0.200000 0.200000 1.369977 0.000090 0.000400
141 0.200000 0.200000 1.383961 0.000090 -0.000000
142 0.200000 0.200000 1.391952 0.000090 -0.000000
143 0.200000 0.200000 1.397996 0.000090 -0.000000
144 0.200000 0.200000 1.407985 0.000094 0.000400
145 0.200000 0.200000 1.415976 0.000097 0.000400
146 0.200000 0.200000 1.421969 0.000097 -0.000000
147 0.200000 0.200000 1.433955 0.000097 -0.000000
148 0.200000 0.200000 1.441946 0.000097 -0.000000
149 0.200000 0.200000 1.449937 0.000097 -0.000000
150 0.200000 0.200000 1.463972 0.000097 -0.000000
151 0.200000 0.200000 1.489994 0.000097 -0.000000
152 0.200000 0.200000 1.501980 0.000097 -0.000000
153 0.200000 0.200000 1.509971 0.000097 -0.000000
154 0.200000 0.200000 1.517962 0.000097 -0.000000
155 0.200000 0.200000 1.528002 0.000097 -0.000000
156 0.200000 0.200000 1.537939 0.000097 -0.000000
157 0.200000 0.200000 1.545982 0.000100 0.000400
158 0.200000 0.200000 1.555970 0.000100 -0.000000
159 0.200000 0.200000 1.563961 0.000100 -0.000000
160 0.200000 0.200000 1.570005 0.000100 -0.000000
161 0.200000 0.200000 1.575947 0.000100 -0.000000
162 0.200000 0.200000 1.583938 0.000100 -0.000000
163 0.200000 0.200000 1.597974 0.000100 -0.000000
164 0.200000 0.200000 1.616004 0.000100 -0.000000
165 0.200000 0.200000 1.625942 0.000100 -0.000000
166 0.200000 0.200000 1.643972 0.000100 -0.000000
167 0.200000 0.200000 1.651963 0.000100 -0.000000
168 0.200000 0.200000 1.659954 0.000100 -0.000000
169 0.200000 0.200000 1.667945 0.000100 -0.000000
170 0.200000 0.200000 1.675936 0.000100 -0.000000
171 0.200000 0.200000 1.681980 0.000100 -0.000000
172 0.200000 0.200000 1.689971 0.000100 -0.000000
173 0.200000 0.200000 1.700011 0.000100 -0.000000
174 0.200000 0.200000 1.715993 0.000100 -0.000000
175 0.200000 0.200000 1.727979 0.000100 -0.000000
176 0.200000 0.200000 1.741963 0.000106 0.000400
177 0.200000 0.200000 1.754001 0.000106 -0.000000
178 0.200000 0.200000 1.761992 0.000106 -0.000000
179 0.200000 0.200000 1.771929 0.000106 -0.000000
180 0.200000 0.200000 1.785964 0.000106 -0.000000
181 0.200000 0.200000 1.807991 0.000106 -0.000000
182 0.200000 0.200000 1.815981 0.000106 -0.000000
183 0.200000 0.200000 1.821975 0.000108 0.000400
184 0.200000 0.200000 1.829966 0.000111 0.000400
185 0.200000 0.200000 1.838008 0.000111 -0.000000
186 0.200000 0.200000 1.847945 0.000111 -0.000000
187 0.200000 0.200000 1.855936 0.000111 -0.000000
188 0.200000 0.200000 1.861980 0.000111 -0.000000
189 0.200000 0.200000 1.869971 0.000111 -0.000000
190 0.200000 0.200000 1.888002 0.000111 -0.000000
191 0.200000 0.200000 1.899988 0.000111 -0.000000
192 0.200000 0.200000 1.909926 0.000111 -0.000000
193 0.200000 0.200000 1.917968 0.000115 0.000400
194 0.200000 0.200000 1.925959 0.000118 0.000400
195 0.200000 0.200000 1.935947 0.000118 -0.000000
196 0.200000 0.200000 1.939943 0.000118 -0.000000
197 0.200000 0.200000 1.945987 0.000118 -0.000000
198 0.200000 0.200000 1.951929 0.000118 -0.000000
199 0.200000 0.200000 1.957973 0.000118 -0.000000
200 0.200000 0.200000 1.967962 0.000122 0.000400
201 0.200000 0.200000 1.976004 0.000122 -0.000000
202 0.200000 0.200000 2.011963 0.000122 -0.000000
203 0.000000 0.000000 2.175981 0.000122 -0.000000
204 0.000000 0.000000 2.177928 0.000122 -0.000000
