0 0.000000 0.000000 0.000000 0.000000 0.000000
0 0.000000 0.000000 0.000000 0.000000 0.000000
0 0.025000 0.025000 0.000000 0.000000 0.000000
1 0.050000 0.050000 0.002049 0.000000 0.000000
2 0.075000 0.075000 0.003688 0.000000 0.000000
3 0.100000 0.100000 0.007684 0.000000 0.000000
4 0.125000 0.125000 0.011423 0.000001 0.000400
5 0.150000 0.150000 0.015982 0.000001 -0.000000
6 0.175000 0.175000 0.020182 0.000001 -0.000000
7 0.200000 0.200000 0.026841 0.000001 -0.000000
8 0.200000 0.200000 0.032476 0.000001 -0.000000
9 0.200000 0.200000 0.036522 0.000003 0.000400
10 0.200000 0.200000 0.042516 0.000003 -0.000000
11 0.200000 0.200000 0.046511 0.000003 -0.000000
12 0.200000 0.200000 0.054502 0.000003 -0.000000
13 0.200000 0.200000 0.058497 0.000003 -0.000000
14 0.200000 0.200000 0.064542 0.000003 -0.000000
15 0.200000 0.200000 0.072533 0.000003 -0.000000
16 0.200000 0.200000 0.080524 0.000003 -0.000000
17 0.200000 0.200000 0.086517 0.000006 0.000400
18 0.200000 0.200000 0.092510 0.000006 -0.000000
19 0.200000 0.200000 0.100501 0.000006 -0.000000
20 0.200000 0.200000 0.106545 0.000006 -0.000000
21 0.200000 0.200000 0.112487 0.000006 -0.000000
22 0.200000 0.200000 0.118532 0.000006 -0.000000
23 0.200000 0.200000 0.122527 0.000006 -0.000000
24 0.200000 0.200000 0.128520 0.000008 0.000400
25 0.200000 0.200000 0.136511 0.000011 0.000400
26 0.200000 0.200000 0.140507 0.000013 0.000400
27 0.200000 0.200000 0.146500 0.000013 -0.000000
28 0.200000 0.200000 0.154491 0.000013 -0.000000
29 0.200000 0.200000 0.158486 0.000013 -0.000000
30 0.200000 0.200000 0.162481 0.000013 -0.000000
31 0.200000 0.200000 0.176517 0.000013 -0.000000
32 0.200000 0.200000 0.184508 0.000013 -0.000000
33 0.200000 0.200000 0.194547 0.000013 -0.000000
34 0.200000 0.200000 0.202538 0.000013 -0.000000
35 0.200000 0.200000 0.210529 0.000013 -0.000000
36 0.200000 0.200000 0.218520 0.000013 -0.000000
37 0.200000 0.200000 0.226511 0.000013 -0.000000
38 0.200000 0.200000 0.236500 0.000017 0.000400
39 0.200000 0.200000 0.248537 0.000017 -0.000000
40 0.200000 0.200000 0.252533 0.000017 -0.000000
41 0.200000 0.200000 0.262470 0.000017 -0.000000
42 0.200000 0.200000 0.282499 0.000025 0.000400
43 0.200000 0.200000 0.290541 0.000025 -0.000000
44 0.200000 0.200000 0.298532 0.000025 -0.000000
45 0.200000 0.200000 0.302527 0.000025 -0.000000
46 0.200000 0.200000 0.306522 0.000025 -0.000000
47 0.200000 0.200000 0.314513 0.000025 -0.000000
48 0.200000 0.200000 0.318509 0.000025 -0.000000
49 0.200000 0.200000 0.324502 0.000027 0.000400
50 0.200000 0.200000 0.328497 0.000029 0.000400
51 0.200000 0.200000 0.336539 0.000029 -0.000000
52 0.200000 0.200000 0.356517 0.000029 -0.000000
53 0.200000 0.200000 0.364508 0.000029 -0.000000
54 0.200000 0.200000 0.376494 0.000029 -0.000000
55 0.200000 0.200000 0.392476 0.000029 -0.000000
56 0.200000 0.200000 0.416500 0.000038 0.000400
57 0.200000 0.200000 0.422493 0.000038 -0.000000
58 0.200000 0.200000 0.446465 0.000038 -0.000000
59 0.200000 0.200000 0.454508 0.000042 0.000400
60 0.200000 0.200000 0.464496 0.000042 -0.000000
61 0.200000 0.200000 0.470541 0.000042 -0.000000
62 0.200000 0.200000 0.480478 0.000042 -0.000000
63 0.200000 0.200000 0.486522 0.000042 -0.000000
64 0.200000 0.200000 0.490518 0.000042 -0.000000
65 0.200000 0.200000 0.496511 0.000044 0.000400
66 0.200000 0.200000 0.500506 0.000046 0.000400
67 0.200000 0.200000 0.508497 0.000049 0.000400
68 0.200000 0.200000 0.514491 0.000049 -0.000000
69 0.200000 0.200000 0.526477 0.000049 -0.000000
70 0.200000 0.200000 0.532521 0.000049 -0.000000
71 0.200000 0.200000 0.550501 0.000056 0.000400
72 0.200000 0.200000 0.558492 0.000059 0.000400
73 0.200000 0.200000 0.564485 0.000059 -0.000000
74 0.200000 0.200000 0.574525 0.000059 -0.000000
75 0.200000 0.200000 0.580467 0.000059 -0.000000
76 0.200000 0.200000 0.598497 0.000059 -0.000000
77 0.200000 0.200000 0.604490 0.000062 0.000400
78 0.200000 0.200000 0.610484 0.000062 -0.000000
79 0.200000 0.200000 0.616528 0.000062 -0.000000
80 0.200000 0.200000 0.622470 0.000062 -0.000000
81 0.200000 0.200000 0.628514 0.000062 -0.000000
82 0.200000 0.200000 0.632510 0.000062 -0.000000
83 0.200000 0.200000 0.638503 0.000064 0.000400
84 0.200000 0.200000 0.644496 0.000064 -0.000000
85 0.200000 0.200000 0.650489 0.000066 0.000400
86 0.200000 0.200000 0.662527 0.000066 -0.000000
87 0.200000 0.200000 0.670518 0.000066 -0.000000
88 0.200000 0.200000 0.680506 0.000070 0.000400
89 0.200000 0.200000 0.688497 0.000074 0.000400
90 0.200000 0.200000 0.700535 0.000074 -0.000000
91 0.200000 0.200000 0.708526 0.000074 -0.000000
92 0.200000 0.200000 0.714468 0.000074 -0.000000
93 0.200000 0.200000 0.720512 0.000074 -0.000000
94 0.200000 0.200000 0.726505 0.000076 0.000400
95 0.200000 0.200000 0.734496 0.000079 0.000400
96 0.200000 0.200000 0.748480 0.000079 -0.000000
97 0.200000 0.200000 0.754525 0.000079 -0.000000
98 0.200000 0.200000 0.760467 0.000079 -0.000000
99 0.200000 0.200000 0.766511 0.000079 -0.000000
100 0.200000 0.200000 0.772504 0.000082 0.000400
101 0.200000 0.200000 0.778497 0.000082 -0.000000
102 0.200000 0.200000 0.790484 0.000082 -0.000000
103 0.200000 0.200000 0.800523 0.000082 -0.000000
104 0.200000 0.200000 0.808514 0.000082 -0.000000
105 0.200000 0.200000 0.816505 0.000082 -0.000000
106 0.200000 0.200000 0.824496 0.000082 -0.000000
107 0.200000 0.200000 0.830489 0.000084 0.000400
108 0.200000 0.200000 0.840478 0.000084 -0.000000
109 0.200000 0.200000 0.850518 0.000084 -0.000000
110 0.200000 0.200000 0.858509 0.000084 -0.000000
111 0.200000 0.200000 0.866500 0.000084 -0.000000
112 0.200000 0.200000 0.874490 0.000084 -0.000000
113 0.200000 0.200000 0.888526 0.000084 -0.000000
114 0.200000 0.200000 0.896517 0.000084 -0.000000
115 0.200000 0.200000 0.906454 0.000084 -0.000000
116 0.200000 0.200000 0.914496 0.000087 0.000400
117 0.200000 0.200000 0.918492 0.000089 0.000400
118 0.200000 0.200000 0.926482 0.000092 0.000400
119 0.200000 0.200000 0.930529 0.000092 -0.000000
120 0.200000 0.200000 0.938520 0.000092 -0.000000
121 0.200000 0.200000 0.944462 0.000092 -0.000000
122 0.200000 0.200000 0.956500 0.000097 0.000400
123 0.200000 0.200000 0.962493 0.000097 -0.000000
124 0.200000 0.200000 0.970484 0.000097 -0.000000
125 0.200000 0.200000 0.978474 0.000097 -0.000000
126 0.200000 0.200000 0.998452 0.000097 -0.000000
127 0.200000 0.200000 1.006494 0.000100 0.000400
128 0.200000 0.200000 1.012487 0.000100 -0.000000
129 0.200000 0.200000 1.020478 0.000100 -0.000000
130 0.200000 0.200000 1.028469 0.000100 -0.000000
131 0.200000 0.200000 1.040455 0.000100 -0.000000
132 0.200000 0.200000 1.050495 0.000100 -0.000000
133 0.200000 0.200000 1.060484 0.000104 0.000400
134 0.200000 0.200000 1.070472 0.000104 -0.000000
135 0.200000 0.200000 1.088503 0.000104 -0.000000
136 0.200000 0.200000 1.098492 0.000108 0.000400
137 0.200000 0.200000 1.106482 0.000111 0.000400
138 0.200000 0.200000 1.120466 0.000111 -0.000000
139 0.200000 0.200000 1.130506 0.000111 -0.000000
140 0.200000 0.200000 1.140495 0.000115 0.000400
141 0.200000 0.200000 1.152481 0.000120 0.000400
142 0.200000 0.200000 1.166465 0.000120 -0.000000
143 0.200000 0.200000 1.178452 0.000120 -0.000000
144 0.200000 0.200000 1.184496 0.000120 -0.000000
145 0.200000 0.200000 1.200478 0.000120 -0.000000
146 0.200000 0.200000 1.212464 0.000120 -0.000000
147 0.200000 0.200000 1.222504 0.000120 -0.000000
148 0.200000 0.200000 1.244479 0.000129 0.000400
149 0.200000 0.200000 1.252521 0.000129 -0.000000
150 0.200000 0.200000 1.262459 0.000129 -0.000000
151 0.200000 0.200000 1.282487 0.000137 0.000400
152 0.200000 0.200000 1.290478 0.000140 0.000400
153 0.200000 0.200000 1.300466 0.000140 -0.000000
154 0.200000 0.200000 1.310506 0.000140 -0.000000
155 0.200000 0.200000 1.314502 0.000140 -0.000000
156 0.200000 0.200000 1.320444 0.000140 -0.000000
157 0.200000 0.200000 1.326488 0.000140 -0.000000
158 0.200000 0.200000 1.336477 0.000144 0.000400
159 0.200000 0.200000 1.344519 0.000144 -0.000000
160 0.200000 0.200000 1.352510 0.000144 -0.000000
161 0.200000 0.200000 1.364496 0.000144 -0.000000
162 0.200000 0.200000 1.390518 0.000144 -0.000000
163 0.200000 0.200000 1.404451 0.000144 -0.000000
164 0.200000 0.200000 1.412441 0.000144 -0.000000
165 0.200000 0.200000 1.422481 0.000144 -0.000000
166 0.200000 0.200000 1.440512 0.000144 -0.000000
167 0.200000 0.200000 1.444507 0.000144 -0.000000
168 0.200000 0.200000 1.460489 0.000144 -0.000000
169 0.200000 0.200000 1.482515 0.000144 -0.000000
170 0.200000 0.200000 1.494502 0.000144 -0.000000
171 0.200000 0.200000 1.512481 0.000151 0.000400
172 0.200000 0.200000 1.518474 0.000151 -0.000000
173 0.200000 0.200000 1.524468 0.000154 0.000400
174 0.200000 0.200000 1.532510 0.000154 -0.000000
175 0.200000 0.200000 1.544496 0.000154 -0.000000
176 0.200000 0.200000 1.550438 0.000154 -0.000000
177 0.200000 0.200000 1.558480 0.000157 0.000400
178 0.200000 0.200000 1.568469 0.000157 -0.000000
179 0.200000 0.200000 1.578509 0.000157 -0.000000
180 0.200000 0.200000 1.588446 0.000157 -0.000000
181 0.200000 0.200000 1.598486 0.000157 -0.000000
182 0.200000 0.200000 1.604479 0.000159 0.000400
183 0.200000 0.200000 1.610472 0.000159 -0.000000
184 0.200000 0.200000 1.616465 0.000162 0.000400
185 0.200000 0.200000 1.622458 0.000162 -0.000000
186 0.200000 0.200000 1.628503 0.000162 -0.000000
187 0.200000 0.200000 1.636494 0.000162 -0.000000
188 0.200000 0.200000 1.642436 0.000162 -0.000000
189 0.200000 0.200000 1.648480 0.000162 -0.000000
190 0.200000 0.200000 1.658469 0.000166 0.000400
191 0.200000 0.200000 1.664462 0.000166 -0.000000
192 0.200000 0.200000 1.672453 0.000166 -0.000000
193 0.200000 0.200000 1.678497 0.000166 -0.000000
194 0.200000 0.200000 1.690483 0.000166 -0.000000
195 0.200000 0.200000 1.698474 0.000166 -0.000000
196 0.200000 0.200000 1.706465 0.000166 -0.000000
197 0.200000 0.200000 1.722447 0.000166 -0.000000
198 0.200000 0.200000 1.730438 0.000166 -0.000000
199 0.200000 0.200000 1.738429 0.000166 -0.000000
200 0.200000 0.200000 1.744473 0.000166 -0.000000
201 0.200000 0.200000 1.752464 0.000166 -0.000000
202 0.200000 0.200000 1.758508 0.000166 -0.000000
203 0.200000 0.200000 1.766499 0.000166 -0.000000
204 0.200000 0.200000 1.776437 0.000166 -0.000000
205 0.200000 0.200000 1.788474 0.000170 0.000400
206 0.200000 0.200000 1.800461 0.000175 0.000400
207 0.200000 0.200000 1.814445 0.000175 -0.000000
208 0.200000 0.200000 1.834473 0.000183 0.000400
209 0.200000 0.200000 1.844462 0.000183 -0.000000
210 0.200000 0.200000 1.852453 0.000183 -0.000000
211 0.200000 0.200000 1.860444 0.000183 -0.000000
212 0.200000 0.200000 1.868434 0.000183 -0.000000
213 0.200000 0.200000 1.876425 0.000183 -0.000000
214 0.200000 0.200000 1.896505 0.000183 -0.000000
215 0.200000 0.200000 1.902447 0.000183 -0.000000
216 0.200000 0.200000 1.908491 0.000183 -0.000000
217 0.200000 0.200000 1.916482 0.000183 -0.000000
218 0.200000 0.200000 1.922424 0.000183 -0.000000
219 0.200000 0.200000 1.926471 0.000185 0.000400
220 0.200000 0.200000 1.932464 0.000185 -0.000000
221 0.200000 0.200000 1.938457 0.000187 0.000400
222 0.200000 0.200000 1.946499 0.000187 -0.000000
223 0.200000 0.200000 1.954490 0.000187 -0.000000
224 0.200000 0.200000 1.958486 0.000187 -0.000000
225 0.200000 0.200000 1.964428 0.000187 -0.000000
226 0.200000 0.200000 1.976465 0.000192 0.000400
227 0.200000 0.200000 1.982458 0.000192 -0.000000
228 0.200000 0.200000 1.988503 0.000192 -0.000000
229 0.200000 0.200000 1.998440 0.000192 -0.000000
230 0.200000 0.200000 2.004485 0.000192 -0.000000
231 0.000000 0.000000 2.008480 0.000192 -0.000000
232 0.000000 0.000000 2.010426 0.000192 -0.000000
