0.010039 0 0.000000 0.000000 0.000000
0.030095 0 0.000000 0.000000 0.000000
0.070072 0 0.000000 0.000000 0.000000
0.090147 1 0.000000 0.000000 0.000000
0.110144 2 0.000000 0.000000 0.000000
0.130168 3 0.000051 -0.000000 -0.000386
0.150077 4 0.000154 -0.000000 -0.000386
0.170125 5 0.000360 -0.000000 -0.000386
0.190067 6 0.000566 -0.000000 -0.000386
0.210073 7 0.000874 -0.000000 -0.000386
0.230107 8 0.001337 -0.000000 -0.000000
0.250098 9 0.001852 -0.000000 -0.000000
0.270121 10 0.002829 -0.000003 -0.002699
0.290145 11 0.003498 -0.000005 -0.002313
0.310111 12 0.004475 -0.000007 -0.002699
0.330126 13 0.005607 -0.000010 -0.002699
0.350148 14 0.007099 -0.000014 -0.002313
0.370123 15 0.008796 -0.000017 -0.001928
0.390096 16 0.010700 -0.000020 -0.001542
0.410137 17 0.012963 -0.000022 -0.000771
0.430135 18 0.015638 -0.000024 -0.000771
0.450141 19 0.018673 -0.000027 -0.001157
0.470115 20 0.022119 -0.000030 -0.000771
0.490105 21 0.025257 -0.000019 0.003470
0.510143 22 0.029012 0.000004 0.006169
0.530122 23 0.033693 0.000031 0.005784
0.550126 24 0.038580 0.000058 0.005398
0.570115 25 0.043776 0.000084 0.005012
0.590119 26 0.049280 0.000109 0.004627
0.610118 27 0.054938 0.000131 0.003856
0.620119 28 0.058076 0.000142 0.003470
0.640136 29 0.063889 0.000164 0.003856
0.660111 30 0.070113 0.000186 0.003470
0.680125 31 0.076594 0.000208 0.003470
0.700145 32 0.083333 0.000229 0.003085
0.720135 33 0.090123 0.000250 0.003085
0.740126 34 0.097222 0.000272 0.003085
0.760117 35 0.104475 0.000292 0.002699
0.780098 36 0.111831 0.000309 0.002313
0.800092 37 0.119393 0.000323 0.001928
0.820125 38 0.127160 0.000341 0.002313
0.840148 39 0.135082 0.000347 0.000771
0.860166 40 0.143055 0.000350 0.000386
0.880119 41 0.151234 0.000344 -0.000771
0.900146 42 0.159465 0.000331 -0.001542
0.920136 43 0.167747 0.000315 -0.001928
0.940137 44 0.176440 0.000282 -0.003856
0.960142 45 0.185031 0.000245 -0.004241
0.980065 46 0.193775 0.000202 -0.005012
1.000100 47 0.202674 0.000140 -0.006940
1.020127 48 0.211316 0.000080 -0.006940
1.040124 49 0.219804 0.000018 -0.007326
1.060136 50 0.227725 -0.000010 -0.003470
1.080140 51 0.236213 -0.000043 -0.003856
1.100127 52 0.244958 -0.000083 -0.004627
1.120084 53 0.253754 -0.000134 -0.005784
1.140139 54 0.262139 -0.000192 -0.006940
1.160174 55 0.270677 -0.000258 -0.007711
1.190125 56 0.283486 -0.000372 -0.008868
1.210139 57 0.292127 -0.000455 -0.009639
1.230150 58 0.300666 -0.000544 -0.010410
1.250136 59 0.308999 -0.000630 -0.010410
1.270136 60 0.317383 -0.000727 -0.011567
1.290103 61 0.325767 -0.000828 -0.011953
1.310126 62 0.334203 -0.000929 -0.011953
1.330144 63 0.342587 -0.001038 -0.013109
1.350120 64 0.350868 -0.001157 -0.014266
1.370127 65 0.359098 -0.001274 -0.014266
1.390072 66 0.367327 -0.001404 -0.015808
1.410107 67 0.375556 -0.001541 -0.016579
1.430069 68 0.383889 -0.001685 -0.017351
1.450063 69 0.392066 -0.001830 -0.017736
1.470129 70 0.400398 -0.001991 -0.019278
1.490118 71 0.408678 -0.002154 -0.019664
1.510075 72 0.416907 -0.002315 -0.019664
1.530078 73 0.424828 -0.002471 -0.019664
1.550103 74 0.432337 -0.002596 -0.016579
1.570076 75 0.440463 -0.002737 -0.017351
1.590078 76 0.448693 -0.002880 -0.017351
1.610081 77 0.456973 -0.003033 -0.018507
1.630079 78 0.465202 -0.003192 -0.019278
1.650075 79 0.473328 -0.003354 -0.020050
1.670071 80 0.481608 -0.003530 -0.021206
1.690079 81 0.489837 -0.003705 -0.021206
1.710074 82 0.498219 -0.003886 -0.021592
1.730089 83 0.506448 -0.004063 -0.021592
1.750077 84 0.514728 -0.004245 -0.021977
1.770078 85 0.523059 -0.004428 -0.021977
1.790074 86 0.531339 -0.004614 -0.022363
1.810076 87 0.539670 -0.004800 -0.022363
1.830060 88 0.547899 -0.004984 -0.022363
1.850050 89 0.556127 -0.005174 -0.023134
1.870022 90 0.564201 -0.005358 -0.022748
1.890020 91 0.572429 -0.005558 -0.024291
1.910026 92 0.580760 -0.005767 -0.025062
1.950041 93 0.597318 -0.006207 -0.026604
1.980017 94 0.609659 -0.006545 -0.027375
2.000029 95 0.617938 -0.006769 -0.026990
2.020042 96 0.626063 -0.006988 -0.026990
2.040152 97 0.633674 -0.007164 -0.023134
2.060094 98 0.641748 -0.007348 -0.022748
2.080095 99 0.649925 -0.007544 -0.023905
2.100090 100 0.658256 -0.007743 -0.023905
2.120101 101 0.666535 -0.007937 -0.023520
2.140119 102 0.674763 -0.008131 -0.023520
2.160099 103 0.683094 -0.008333 -0.024291
2.180088 104 0.691425 -0.008536 -0.024291
2.200073 105 0.699705 -0.008727 -0.023134
2.220049 106 0.707985 -0.008916 -0.022748
2.240077 107 0.716213 -0.009097 -0.021977
2.260090 108 0.724545 -0.009280 -0.021977
2.280067 109 0.732876 -0.009457 -0.021206
2.300120 110 0.741156 -0.009629 -0.020821
2.320121 111 0.749436 -0.009805 -0.021206
2.340120 112 0.757768 -0.009981 -0.021206
2.360123 113 0.765842 -0.010156 -0.021592
2.380142 114 0.774019 -0.010335 -0.021977
2.400099 115 0.782299 -0.010521 -0.022363
2.420136 116 0.790476 -0.010700 -0.021977
2.440143 117 0.798756 -0.010886 -0.022363
2.460166 118 0.807036 -0.011068 -0.021977
2.480153 119 0.815213 -0.011250 -0.022363
2.500169 120 0.823441 -0.011428 -0.021592
2.520155 121 0.831567 -0.011597 -0.020821
2.540169 122 0.839179 -0.011726 -0.016965
2.560163 123 0.847357 -0.011862 -0.016579
2.580145 124 0.855535 -0.012001 -0.016965
2.600131 125 0.863764 -0.012134 -0.016194
2.620106 126 0.871994 -0.012267 -0.016194
2.640101 127 0.880069 -0.012395 -0.015808
2.660133 128 0.888350 -0.012529 -0.016194
2.680166 129 0.896579 -0.012662 -0.016194
2.700124 130 0.904809 -0.012789 -0.015423
2.720123 131 0.913090 -0.012914 -0.015037
2.740179 132 0.921371 -0.013035 -0.014652
2.760159 133 0.929549 -0.013152 -0.014266
2.780146 134 0.937830 -0.013273 -0.014652
2.800127 135 0.946111 -0.013391 -0.014266
2.820128 136 0.954443 -0.013510 -0.014266
2.840143 137 0.962673 -0.013628 -0.014266
2.860161 138 0.970800 -0.013744 -0.014266
2.880094 139 0.978927 -0.013866 -0.015037
2.900168 140 0.987208 -0.013994 -0.015423
2.920125 141 0.995437 -0.014120 -0.015423
2.940136 142 1.003821 -0.014253 -0.015808
2.960125 143 1.012102 -0.014387 -0.016194
2.980143 144 1.020382 -0.014524 -0.016579
3.000185 145 1.028612 -0.014655 -0.015808
3.020193 146 1.036636 -0.014775 -0.015037
3.040155 147 1.044197 -0.014857 -0.010796
3.060165 148 1.052375 -0.014948 -0.011181
3.080164 149 1.060657 -0.015050 -0.012338
3.100159 150 1.068938 -0.015149 -0.011953
3.120122 151 1.077168 -0.015254 -0.012724
3.140130 152 1.085346 -0.015361 -0.013109
3.160155 153 1.093525 -0.015472 -0.013495
3.180166 154 1.101754 -0.015589 -0.014266
3.200145 155 1.110087 -0.015708 -0.014266
3.220151 156 1.118368 -0.015829 -0.014652
3.240145 157 1.126597 -0.015950 -0.014652
3.260165 158 1.134878 -0.016068 -0.014266
3.280147 159 1.143211 -0.016193 -0.015037
3.300170 160 1.151646 -0.016320 -0.015037
3.320152 161 1.159927 -0.016448 -0.015423
3.340164 162 1.168311 -0.016581 -0.015808
3.360118 163 1.176437 -0.016715 -0.016579
3.380126 164 1.184615 -0.016854 -0.016965
3.400162 165 1.192947 -0.017008 -0.018507
3.420178 166 1.201176 -0.017161 -0.018507
3.440120 167 1.209559 -0.017325 -0.019664
3.480137 168 1.225966 -0.017654 -0.020050
3.500084 169 1.234194 -0.017819 -0.020050
3.530158 170 1.245973 -0.018015 -0.016579
3.550159 171 1.253996 -0.018142 -0.015808
3.570147 172 1.262277 -0.018282 -0.016965
3.590130 173 1.270609 -0.018430 -0.017736
3.610053 174 1.278838 -0.018582 -0.018507
3.630010 175 1.287119 -0.018739 -0.018893
3.650068 176 1.295399 -0.018898 -0.019278
3.670060 177 1.303628 -0.019063 -0.020050
3.690090 178 1.311908 -0.019226 -0.019664
3.710220 179 1.320291 -0.019394 -0.020050
3.730226 180 1.328726 -0.019563 -0.020050
3.750157 181 1.337006 -0.019733 -0.020435
3.770264 182 1.345338 -0.019903 -0.020435
3.790223 183 1.353618 -0.020075 -0.020821
3.810205 184 1.361949 -0.020242 -0.020050
3.830222 185 1.370333 -0.020414 -0.020435
3.850022 186 1.378458 -0.020580 -0.020435
3.860037 187 1.382778 -0.020671 -0.021206
3.880077 188 1.390750 -0.020844 -0.021592
3.900074 189 1.399030 -0.021032 -0.022748
3.910091 190 1.403350 -0.021127 -0.021977
3.930087 191 1.411526 -0.021316 -0.023134
3.950093 192 1.419652 -0.021504 -0.023134
3.980065 193 1.432045 -0.021805 -0.024291
4.000078 194 1.440171 -0.021996 -0.023520
4.020071 195 1.447834 -0.022150 -0.020050
4.040092 196 1.456011 -0.022311 -0.019664
4.060069 197 1.464086 -0.022473 -0.020050
4.080059 198 1.472366 -0.022648 -0.021206
4.100057 199 1.480595 -0.022823 -0.021206
4.120041 200 1.488926 -0.023000 -0.021206
4.140048 201 1.497257 -0.023189 -0.022748
4.160042 202 1.505486 -0.023376 -0.022748
4.180092 203 1.513662 -0.023566 -0.023134
4.199994 204 1.521994 -0.023758 -0.023134
4.220009 205 1.530325 -0.023945 -0.022363
4.240068 206 1.538656 -0.024137 -0.023134
4.260052 207 1.546936 -0.024332 -0.023520
4.280018 208 1.555215 -0.024524 -0.023134
4.300047 209 1.563392 -0.024716 -0.023520
4.320053 210 1.571826 -0.024915 -0.023520
4.340058 211 1.580003 -0.025110 -0.023905
4.360018 212 1.588128 -0.025311 -0.024676
4.380026 213 1.596356 -0.025520 -0.025447
4.400052 214 1.604480 -0.025733 -0.026219
4.420059 215 1.612708 -0.025955 -0.026990
4.440038 216 1.621141 -0.026189 -0.027761
4.470021 217 1.633379 -0.026539 -0.028532
4.490046 218 1.641452 -0.026766 -0.028146
4.510047 219 1.649166 -0.026953 -0.024291
4.530035 220 1.657291 -0.027144 -0.023520
4.550034 221 1.665467 -0.027346 -0.024676
4.570084 222 1.673850 -0.027556 -0.025062
4.590049 223 1.681923 -0.027756 -0.024676
4.610058 224 1.690305 -0.027966 -0.025062
4.630061 225 1.698585 -0.028176 -0.025447
4.650027 226 1.706864 -0.028397 -0.026604
4.670065 227 1.715143 -0.028620 -0.026990
4.690074 228 1.723370 -0.028836 -0.026219
4.710058 229 1.731701 -0.029061 -0.026990
4.730091 230 1.740082 -0.029284 -0.026604
4.750126 231 1.748361 -0.029501 -0.026219
4.770143 232 1.756692 -0.029726 -0.026990
4.790134 233 1.764971 -0.029953 -0.027375
4.810070 234 1.773249 -0.030183 -0.027761
4.830069 235 1.781528 -0.030409 -0.027375
4.850063 236 1.789653 -0.030632 -0.027375
4.870066 237 1.797777 -0.030860 -0.028146
4.900086 238 1.810169 -0.031224 -0.029303
4.920063 239 1.818704 -0.031480 -0.030074
4.940062 240 1.826982 -0.031733 -0.030460
4.960029 241 1.835209 -0.031983 -0.030460
4.980062 242 1.843333 -0.032231 -0.030460
5.000077 243 1.851252 -0.032448 -0.027375
5.030066 244 1.863336 -0.032755 -0.025447
5.050064 245 1.871564 -0.032977 -0.026990
5.070064 246 1.879740 -0.033195 -0.026604
5.100075 247 1.892081 -0.033523 -0.026604
5.120068 248 1.900360 -0.033747 -0.026990
5.140063 249 1.908536 -0.033971 -0.027375
5.160064 250 1.916866 -0.034205 -0.028146
5.180059 251 1.924991 -0.034434 -0.028146
5.200066 252 1.933321 -0.034669 -0.028146
5.220068 253 1.941651 -0.034897 -0.027375
5.240062 254 1.949930 -0.035120 -0.026990
5.260065 255 1.958260 -0.035345 -0.026990
5.280065 256 1.966539 -0.035572 -0.027375
5.300064 257 1.974921 -0.035798 -0.026990
5.320063 258 1.983251 -0.036023 -0.026990
5.340008 259 1.991478 -0.036245 -0.026990
5.360064 260 1.999706 -0.036467 -0.026990
5.380068 261 2.007933 -0.036696 -0.027761
5.400063 262 2.016212 -0.036929 -0.028146
5.420080 263 2.024439 -0.037160 -0.028146
5.440063 264 2.032820 -0.037399 -0.028532
5.460050 265 2.040996 -0.037636 -0.028918
5.480077 266 2.049018 -0.037862 -0.028146
5.510066 267 2.060743 -0.038138 -0.023520
5.530094 268 2.069023 -0.038329 -0.023134
5.550108 269 2.077096 -0.038519 -0.023520
5.570093 270 2.085376 -0.038717 -0.023905
5.590089 271 2.093604 -0.038914 -0.023905
5.610170 272 2.101832 -0.039111 -0.023905
5.630086 273 2.110163 -0.039310 -0.023905
5.650103 274 2.118340 -0.039508 -0.024291
5.670151 275 2.126568 -0.039708 -0.024291
5.690052 276 2.134847 -0.039906 -0.023905
5.710087 277 2.143230 -0.040103 -0.023520
5.730074 278 2.151561 -0.040299 -0.023520
5.750101 279 2.159944 -0.040487 -0.022363
5.770113 280 2.168275 -0.040673 -0.022363
5.790131 281 2.176606 -0.040853 -0.021592
5.810113 282 2.184989 -0.041031 -0.021206
5.830110 283 2.193167 -0.041201 -0.020821
5.850055 284 2.201447 -0.041377 -0.021206
5.870107 285 2.209624 -0.041553 -0.021592
5.890132 286 2.217852 -0.041731 -0.021592
5.910097 287 2.226235 -0.041915 -0.021977
5.930205 288 2.234412 -0.042092 -0.021592
5.950075 289 2.242744 -0.042278 -0.022363
5.970241 290 2.250818 -0.042456 -0.021977
5.990249 291 2.258944 -0.042628 -0.021206
6.010198 292 2.266453 -0.042747 -0.015808
6.030203 293 2.274939 -0.042891 -0.016965
6.050162 294 2.283066 -0.043029 -0.016965
6.070028 295 2.291398 -0.043177 -0.017736
6.090033 296 2.299627 -0.043323 -0.017736
6.110045 297 2.307959 -0.043470 -0.017736
6.130055 298 2.316342 -0.043622 -0.018122
6.150067 299 2.324469 -0.043770 -0.018122
6.170046 300 2.332698 -0.043919 -0.018122
6.190068 301 2.341030 -0.044070 -0.018122
6.210003 302 2.349362 -0.044221 -0.018122
6.230036 303 2.357694 -0.044365 -0.017351
6.250092 304 2.366078 -0.044508 -0.016965
6.270047 305 2.374307 -0.044653 -0.017736
6.300069 306 2.386856 -0.044876 -0.017736
6.320069 307 2.395137 -0.045020 -0.017351
6.340043 308 2.403418 -0.045167 -0.017736
6.360044 309 2.411698 -0.045323 -0.018893
6.380008 310 2.419927 -0.045485 -0.019664
6.400033 311 2.428156 -0.045647 -0.019664
6.420033 312 2.436539 -0.045815 -0.020050
6.440022 313 2.444871 -0.045982 -0.020050
6.459994 314 2.452997 -0.046145 -0.020050
6.480046 315 2.461225 -0.046310 -0.020050
6.500068 316 2.468889 -0.046431 -0.015808
6.530006 317 2.481336 -0.046628 -0.015808
6.550053 318 2.489617 -0.046768 -0.016965
6.570062 319 2.497846 -0.046908 -0.016965
6.590020 320 2.506178 -0.047049 -0.016965
6.610032 321 2.514356 -0.047198 -0.018122
6.630047 322 2.522688 -0.047349 -0.018122
6.650045 323 2.530866 -0.047500 -0.018507
6.670066 324 2.539095 -0.047652 -0.018507
6.690078 325 2.547324 -0.047805 -0.018507
6.710057 326 2.555656 -0.047959 -0.018507
6.730032 327 2.563936 -0.048109 -0.018122
6.750107 328 2.572268 -0.048266 -0.018893
6.770189 329 2.580548 -0.048426 -0.019278
6.800118 330 2.592995 -0.048666 -0.019278
6.820123 331 2.601172 -0.048820 -0.018893
6.840089 332 2.609401 -0.048976 -0.018893
6.860124 333 2.617630 -0.049144 -0.020435
6.880108 334 2.625756 -0.049310 -0.020435
6.900127 335 2.634139 -0.049491 -0.021592
6.920115 336 2.642419 -0.049673 -0.021977
6.940077 337 2.650647 -0.049854 -0.021977
6.960063 338 2.658876 -0.050035 -0.021977
6.980064 339 2.666796 -0.050197 -0.020435
7.000078 340 2.674511 -0.050325 -0.016579
7.020098 341 2.682946 -0.050478 -0.018122
7.040124 342 2.691123 -0.050629 -0.018507
7.090109 343 2.711645 -0.051017 -0.018893
7.110093 344 2.719873 -0.051179 -0.019664
7.130123 345 2.728102 -0.051340 -0.019664
7.150141 346 2.736331 -0.051509 -0.020435
7.170118 347 2.744508 -0.051679 -0.020821
7.190120 348 2.752737 -0.051850 -0.020821
7.210146 349 2.761017 -0.052019 -0.020435
7.230141 350 2.769400 -0.052194 -0.020821
7.250064 351 2.777680 -0.052363 -0.020435
7.270083 352 2.785961 -0.052536 -0.020821
7.290125 353 2.794292 -0.052716 -0.021592
7.310149 354 2.802624 -0.052889 -0.020821
7.330114 355 2.810904 -0.053065 -0.021206
7.350108 356 2.819081 -0.053241 -0.021592
7.370086 357 2.827361 -0.053423 -0.021977
7.390082 358 2.835486 -0.053608 -0.022748
7.410104 359 2.843869 -0.053802 -0.023134
7.430119 360 2.852097 -0.053999 -0.023905
7.450142 361 2.860171 -0.054189 -0.023520
7.470157 362 2.868296 -0.054380 -0.023520
7.490169 363 2.875908 -0.054530 -0.019664
7.510167 364 2.884085 -0.054687 -0.019278
7.530174 365 2.892366 -0.054850 -0.019664
7.550161 366 2.900594 -0.055018 -0.020435
7.570123 367 2.908875 -0.055191 -0.020821
7.590152 368 2.917052 -0.055358 -0.020435
7.620148 369 2.929498 -0.055612 -0.020435
7.640132 370 2.937778 -0.055791 -0.021592
7.660141 371 2.945955 -0.055964 -0.021206
7.680124 372 2.954287 -0.056141 -0.021206
7.700181 373 2.962669 -0.056322 -0.021592
7.720146 374 2.971052 -0.056493 -0.020435
7.740166 375 2.979384 -0.056664 -0.020435
7.760151 376 2.987664 -0.056830 -0.020050
7.780143 377 2.995945 -0.056993 -0.019664
7.800141 378 3.004225 -0.057159 -0.020050
7.820142 379 3.012505 -0.057322 -0.019664
7.840166 380 3.020426 -0.057471 -0.018893
7.860141 0 3.026032 -0.057527 -0.010025
7.880131 0 3.029479 -0.057547 -0.005784
7.910158 1 3.034005 -0.057633 -0.018893
7.930143 2 3.036729 -0.057738 -0.038557
7.950161 3 3.039143 -0.057875 -0.056678
7.970102 4 3.041041 -0.058013 -0.072487
7.990118 5 3.042374 -0.058129 -0.087138
8.010124 6 3.043858 -0.058280 -0.101404
8.030137 7 3.044778 -0.058386 -0.114514
8.050136 8 3.046155 -0.058561 -0.126466
8.070138 9 3.046716 -0.058640 -0.139190
8.090157 10 3.047325 -0.058737 -0.158468
8.110134 11 3.047224 -0.058719 -0.173891
8.130090 12 3.047174 -0.058709 -0.193555
8.150133 13 3.046721 -0.058612 -0.212448
8.170136 14 3.045870 -0.058411 -0.232112
8.190141 15 3.045024 -0.058189 -0.256402
8.210161 16 3.044233 -0.057960 -0.281079
8.230159 17 3.043694 -0.057789 -0.308454
8.260170 18 3.042970 -0.057521 -0.354337
8.280157 19 3.042637 -0.057386 -0.385568
8.330114 20 3.041949 -0.057036 -0.470007
8.350110 21 3.041634 -0.056862 -0.504322
8.370109 22 3.041545 -0.056809 -0.539023
8.390131 23 3.041373 -0.056697 -0.574496
8.410050 24 3.041246 -0.056609 -0.609582
8.440233 25 3.041165 -0.056546 -0.662791
8.480251 26 3.041089 -0.056477 -0.732964
8.500127 27 3.041052 -0.056441 -0.768051
8.520079 28 3.041016 -0.056404 -0.801595
8.540244 29 3.040981 -0.056366 -0.835911
8.560107 30 3.040981 -0.056366 -0.869840
8.580055 31 3.040949 -0.056326 -0.903385
8.600091 32 3.040919 -0.056284 -0.936929
8.620018 33 3.041006 -0.056412 -0.969702
8.640075 34 3.041006 -0.056412 -1.002090
8.660052 35 3.041032 -0.056456 -1.034863
8.680040 36 3.041057 -0.056501 -1.066094
8.700040 37 3.041104 -0.056592 -1.097711
8.720073 38 3.041126 -0.056639 -1.129713
8.740074 39 3.041167 -0.056733 -1.161330
8.760071 40 3.041167 -0.056733 -1.192946
8.780047 41 3.041167 -0.056733 -1.223792
8.800062 42 3.041167 -0.056733 -1.254637
8.819992 43 3.041182 -0.056783 -1.285097
8.840035 44 3.041156 -0.056683 -1.315942
8.860044 45 3.041144 -0.056633 -1.346402
8.880054 46 3.041154 -0.056683 -1.376091
8.900023 47 3.041163 -0.056734 -1.405008
8.920046 48 3.041149 -0.056632 -1.433540
8.940065 49 3.041137 -0.056530 -1.462072
8.960041 50 3.041129 -0.056427 -1.488291
8.980055 51 3.041129 -0.056427 -1.514509
9.000057 52 3.041126 -0.056325 -1.538415
9.020143 53 3.041126 -0.056376 -1.561934
9.040140 54 3.041126 -0.056376 -1.581984
9.060102 55 3.041131 -0.056222 -1.600877
9.080102 56 3.041145 -0.055913 -1.615528
9.100081 0 3.041170 -0.055451 -1.625167
9.120106 0 3.041180 -0.055297 -1.636349
9.140081 1 3.041195 -0.055092 -1.644060
9.160053 2 3.041191 -0.055143 -1.651386
9.180075 3 3.041186 -0.055194 -1.656398
9.200060 4 3.041182 -0.055246 -1.659097
9.220065 5 3.041158 -0.055502 -1.661796
9.240094 6 3.041149 -0.055604 -1.661796
9.260160 7 3.041116 -0.055963 -1.663724
9.280102 8 3.041067 -0.056475 -1.666038
9.300159 9 3.041032 -0.056833 -1.667194
9.320190 10 3.040955 -0.057601 -1.670664
9.350162 11 3.040877 -0.058369 -1.671821
9.370170 12 3.040815 -0.058983 -1.672592
9.390120 13 3.040714 -0.059955 -1.673749
9.410127 14 3.040591 -0.061132 -1.674906
9.430141 15 3.040439 -0.062564 -1.676448
9.450152 16 3.040252 -0.064303 -1.677990
9.470114 17 3.040029 -0.066348 -1.679532
9.490152 18 3.039773 -0.068649 -1.681460
9.510139 19 3.039487 -0.071205 -1.682231
9.530149 20 3.039212 -0.073711 -1.680304
9.550163 21 3.038856 -0.076932 -1.680689
9.570145 22 3.038481 -0.080306 -1.681460
9.590143 23 3.038055 -0.084089 -1.683003
9.610105 24 3.037576 -0.088280 -1.684545
9.630116 25 3.037045 -0.092827 -1.687244
9.650123 26 3.036488 -0.097475 -1.689943
9.670067 27 3.035877 -0.102479 -1.692256
9.690117 28 3.035221 -0.107736 -1.694955
9.710100 29 3.034533 -0.113146 -1.697269
9.730135 30 3.033762 -0.119063 -1.700353
9.750101 31 3.032960 -0.125079 -1.703438
9.770040 32 3.032124 -0.131195 -1.706522
9.790060 33 3.031242 -0.137513 -1.709607
9.810113 34 3.030311 -0.144083 -1.711535
9.830102 35 3.029338 -0.150855 -1.713462
9.850122 36 3.028313 -0.157879 -1.715776
9.870107 37 3.027235 -0.165104 -1.718860
9.890088 38 3.026095 -0.172631 -1.721174
9.910124 39 3.024932 -0.180207 -1.723102
9.930042 40 3.023696 -0.188136 -1.725415
9.950075 41 3.022427 -0.196216 -1.726572
9.970078 42 3.021128 -0.204448 -1.727343
9.990025 43 3.019790 -0.212881 -1.728114
10.010063 44 3.018429 -0.221415 -1.728885
10.030026 45 3.017067 -0.229897 -1.730042
10.050058 46 3.015697 -0.238430 -1.730042
10.070064 47 3.014282 -0.247216 -1.730427
10.090098 48 3.012908 -0.255748 -1.730427
10.110110 49 3.011518 -0.264382 -1.730427
10.130113 50 3.010273 -0.272309 -1.726572
10.150093 51 3.008899 -0.280998 -1.727728
10.170110 52 3.007566 -0.289484 -1.726572
10.190114 53 3.006186 -0.298224 -1.727343
10.220110 54 3.004178 -0.310978 -1.726957
10.240094 55 3.002850 -0.319413 -1.726957
10.260095 56 3.001511 -0.327899 -1.727343
10.280093 57 3.000180 -0.336334 -1.727343
10.300108 58 2.998869 -0.344615 -1.727728
10.320113 59 2.997557 -0.352949 -1.726957
10.340113 60 2.996272 -0.361131 -1.726572
10.360091 61 2.994986 -0.369364 -1.725801
10.390128 62 2.993061 -0.381715 -1.725415
10.410077 63 2.991793 -0.389847 -1.725415
10.430062 64 2.990541 -0.397878 -1.725415
10.450118 65 2.989275 -0.406063 -1.724258
10.470115 66 2.988013 -0.414248 -1.723873
10.490109 67 2.986742 -0.422484 -1.723873
10.510101 68 2.985493 -0.430619 -1.723102
10.530111 69 2.984251 -0.438755 -1.722330
10.550139 70 2.982982 -0.447043 -1.722716
10.570247 71 2.981743 -0.455180 -1.721945
10.590261 72 2.980525 -0.463216 -1.721174
10.610174 73 2.979424 -0.470697 -1.716932
10.630240 74 2.978247 -0.478739 -1.716161
10.650065 75 2.977080 -0.486730 -1.715776
10.690107 76 2.974672 -0.503222 -1.715776
10.710091 77 2.973468 -0.511468 -1.715776
10.730057 78 2.972285 -0.519613 -1.715005
10.750021 79 2.971094 -0.527861 -1.714234
10.769995 80 2.969913 -0.536058 -1.713848
10.790039 81 2.968736 -0.544256 -1.713462
10.810039 82 2.967580 -0.552301 -1.713462
10.830045 83 2.966420 -0.560397 -1.713077
10.850041 84 2.965270 -0.568495 -1.711920
10.870043 85 2.964112 -0.576644 -1.711920
10.890061 86 2.962940 -0.584894 -1.711920
10.910079 87 2.961782 -0.593043 -1.711920
10.930028 88 2.960635 -0.601141 -1.711535
10.950064 89 2.959477 -0.609342 -1.711149
10.970086 90 2.958321 -0.617542 -1.710763
10.990065 91 2.957138 -0.625895 -1.711535
11.010094 92 2.955990 -0.634045 -1.710763
11.030016 93 2.954848 -0.642196 -1.709992
11.050032 94 2.953681 -0.650499 -1.710378
11.070013 95 2.952532 -0.658701 -1.709992
11.090012 96 2.951390 -0.666852 -1.709992
11.110033 97 2.950369 -0.674396 -1.705365
11.130088 98 2.949278 -0.682451 -1.705365
11.150126 99 2.948180 -0.690607 -1.704594
11.170025 100 2.947024 -0.699120 -1.705751
11.190058 101 2.945920 -0.707328 -1.704594
11.210012 102 2.944815 -0.715484 -1.705365
11.219989 103 2.944244 -0.719715 -1.704980
11.240044 104 2.943171 -0.727668 -1.704980
11.260014 105 2.942056 -0.735926 -1.704980
11.290053 106 2.940402 -0.748212 -1.704594
11.310015 107 2.939328 -0.756217 -1.704209
11.330050 108 2.938247 -0.764272 -1.704209
11.350072 109 2.937152 -0.772430 -1.704209
11.370051 110 2.936047 -0.780637 -1.704594
11.390086 111 2.934953 -0.788743 -1.704980
11.410121 112 2.933865 -0.796798 -1.704980
11.430139 113 2.932778 -0.804852 -1.704980
11.450049 114 2.931667 -0.813059 -1.705365
11.470122 115 2.930549 -0.821317 -1.705365
11.490074 116 2.929421 -0.829626 -1.705751
11.510117 117 2.928310 -0.837833 -1.705365
11.530083 118 2.927192 -0.846091 -1.705365
11.550038 119 2.926064 -0.854399 -1.705751
11.570064 120 2.924942 -0.862657 -1.705751
11.590029 121 2.923855 -0.870711 -1.704980
11.610048 122 2.922869 -0.878209 -1.701510
11.630064 123 2.921820 -0.886216 -1.701124
11.650037 124 2.920750 -0.894377 -1.701124
11.670061 125 2.919637 -0.902791 -1.702281
11.690025 126 2.918545 -0.911053 -1.702281
11.720088 127 2.916915 -0.923342 -1.702666
11.740080 128 2.915823 -0.931552 -1.703052
11.760064 129 2.914717 -0.939812 -1.703823
11.780067 130 2.913622 -0.948021 -1.703438
11.800059 131 2.912541 -0.956076 -1.704209
11.820075 132 2.911466 -0.964133 -1.703438
11.840084 133 2.910371 -0.972290 -1.704209
11.860113 134 2.909270 -0.980446 -1.704980
11.880111 135 2.908145 -0.988755 -1.705365
11.900093 136 2.907045 -0.996860 -1.705751
11.920112 137 2.905941 -1.004964 -1.706137
11.940094 138 2.904821 -1.013170 -1.706522
11.960045 139 2.903689 -1.021478 -1.706137
11.980062 140 2.902555 -1.029786 -1.706522
12.000030 141 2.901445 -1.037889 -1.706908
12.020043 142 2.900322 -1.046043 -1.707679
12.040078 143 2.899188 -1.054247 -1.708064
12.060076 144 2.898055 -1.062503 -1.707293
12.080098 145 2.896935 -1.070657 -1.707293
12.100074 146 2.895922 -1.078202 -1.704209
12.120118 147 2.894841 -1.086257 -1.704209
12.140077 148 2.893773 -1.094211 -1.704209
12.160062 149 2.892621 -1.102724 -1.705365
12.180105 150 2.891503 -1.110982 -1.705365
12.200099 151 2.890402 -1.119086 -1.705751
12.220085 152 2.889285 -1.127293 -1.706137
12.240109 153 2.888164 -1.135498 -1.706522
12.260117 154 2.887030 -1.143754 -1.707293
12.280096 155 2.885896 -1.152010 -1.707293
12.300071 156 2.884790 -1.160062 -1.707293
12.320115 157 2.883674 -1.168165 -1.707679
12.340117 158 2.882547 -1.176370 -1.707293
12.360094 159 2.881413 -1.184625 -1.707293
12.380036 160 2.880277 -1.192829 -1.708450
12.400084 161 2.879162 -1.200880 -1.708450
12.420129 162 2.878036 -1.208981 -1.708836
12.440114 163 2.876904 -1.217133 -1.708836
12.460157 164 2.875743 -1.225489 -1.708836
12.480053 165 2.874586 -1.233794 -1.709221
12.500029 166 2.873436 -1.242047 -1.709221
12.520065 167 2.872284 -1.250249 -1.710378
12.540059 168 2.871124 -1.258501 -1.710378
12.560139 169 2.869965 -1.266753 -1.710378
12.580106 170 2.868844 -1.274751 -1.709992
12.600038 171 2.867797 -1.282396 -1.706908
12.620075 172 2.866729 -1.290245 -1.706137
12.640097 173 2.865606 -1.298399 -1.707679
12.660061 174 2.864458 -1.306705 -1.708064
12.680101 175 2.863322 -1.314908 -1.708450
12.700109 176 2.862182 -1.323112 -1.708836
12.720088 177 2.861050 -1.331264 -1.708836
12.750112 178 2.859322 -1.343696 -1.708836
12.770099 179 2.858176 -1.351950 -1.708836
12.790095 180 2.857061 -1.359949 -1.709221
12.810084 181 2.855936 -1.368050 -1.708836
12.830061 182 2.854818 -1.376100 -1.708836
12.850091 183 2.853667 -1.384406 -1.708450
12.870102 184 2.852513 -1.392711 -1.708836
12.890153 185 2.851378 -1.400811 -1.709992
12.910091 186 2.850247 -1.408911 -1.709607
12.930072 187 2.849102 -1.417062 -1.710378
12.950115 188 2.847953 -1.425263 -1.709992
12.970112 189 2.846772 -1.433669 -1.710378
12.990204 190 2.845627 -1.441819 -1.710378
13.010248 191 2.844475 -1.449969 -1.711149
13.030226 192 2.843324 -1.458118 -1.711149
13.060213 193 2.841582 -1.470444 -1.711149
13.080159 194 2.840441 -1.478543 -1.710763
13.130091 195 2.837789 -1.497962 -1.706522
13.150049 196 2.836617 -1.506472 -1.707679
13.170075 197 2.835494 -1.514626 -1.707679
13.190016 198 2.834371 -1.522779 -1.707679
13.210013 199 2.833238 -1.530983 -1.708064
13.230072 200 2.832122 -1.539086 -1.707679
13.250073 201 2.830970 -1.547443 -1.707679
13.270065 202 2.829837 -1.555647 -1.708064
13.290044 203 2.828721 -1.563750 -1.707679
13.310090 204 2.827612 -1.571801 -1.707679
13.330094 205 2.826493 -1.579903 -1.708064
13.350093 206 2.825353 -1.588158 -1.708064
13.370096 207 2.824226 -1.596311 -1.708064
13.390070 208 2.823104 -1.604413 -1.708450
13.410110 209 2.821993 -1.612412 -1.708836
13.430046 210 2.820860 -1.620565 -1.708836
13.450043 211 2.819703 -1.628869 -1.709221
13.480065 212 2.817971 -1.641301 -1.709221
13.500089 213 2.816821 -1.649554 -1.709221
13.520104 214 2.815676 -1.657756 -1.709607
13.540103 215 2.814515 -1.666112 -1.708836
13.560127 216 2.813378 -1.674316 -1.708450
13.580134 217 2.812343 -1.681962 -1.705365
13.600134 218 2.811302 -1.689764 -1.703438
13.620094 219 2.810211 -1.697870 -1.704594
13.640094 220 2.809099 -1.706128 -1.704594
13.660128 221 2.807964 -1.714540 -1.704980
13.680170 222 2.806853 -1.722747 -1.705365
13.700146 223 2.805759 -1.730852 -1.704980
13.720148 224 2.804661 -1.738957 -1.705365
13.750113 225 2.802991 -1.751294 -1.705365
13.770082 226 2.801897 -1.759399 -1.704980
13.790085 227 2.800823 -1.767352 -1.704980
13.810115 228 2.799736 -1.775406 -1.704980
13.840171 229 2.798087 -1.787589 -1.705365
13.860173 230 2.796948 -1.795948 -1.706137
13.880145 231 2.795862 -1.803951 -1.705751
13.900140 232 2.794754 -1.812107 -1.705751
13.920160 233 2.793641 -1.820262 -1.706522
13.940162 234 2.792519 -1.828519 -1.705751
13.960169 235 2.791378 -1.836878 -1.706522
13.980162 236 2.790271 -1.845033 -1.705751
14.000099 237 2.789157 -1.853188 -1.706522
14.020040 238 2.788033 -1.861394 -1.706908
14.040090 239 2.786899 -1.869701 -1.706522
14.060090 240 2.785781 -1.877907 -1.706137
14.080114 241 2.784783 -1.885455 -1.702281
14.100039 242 2.783731 -1.893410 -1.702281
14.120115 243 2.782679 -1.901366 -1.702281
14.140093 244 2.781570 -1.909677 -1.703438
14.160146 245 2.780468 -1.917937 -1.703438
14.180145 246 2.779366 -1.926197 -1.703438
14.200167 247 2.778271 -1.934355 -1.704209
14.220169 248 2.777180 -1.942461 -1.704594
14.240164 249 2.776062 -1.950719 -1.705365
14.270158 250 2.774390 -1.963106 -1.704980
14.290139 251 2.773278 -1.971313 -1.705365
14.310149 252 2.772184 -1.979419 -1.704980
14.330174 253 2.771063 -1.987676 -1.705751
14.350127 254 2.769942 -1.995934 -1.705751
14.370177 255 2.768838 -2.004038 -1.706137
14.390145 256 2.767735 -2.012091 -1.706908
14.410106 257 2.766633 -2.020143 -1.706908
14.430144 258 2.765512 -2.028349 -1.706522
14.460149 259 2.763804 -2.040784 -1.707293
14.480120 260 2.762680 -2.048989 -1.706908
14.500166 261 2.761553 -2.057194 -1.707293
14.520159 262 2.760413 -2.065449 -1.708064
14.540145 263 2.759283 -2.073653 -1.707679
14.560143 264 2.758170 -2.081756 -1.707293
14.580119 265 2.757143 -2.089404 -1.704209
14.600156 266 2.756096 -2.097256 -1.703438
14.620123 267 2.755001 -2.105413 -1.704209
14.640104 268 2.753880 -2.113671 -1.705751
14.660127 269 2.752755 -2.121980 -1.705365
14.680143 270 2.751641 -2.130186 -1.705751
14.700166 271 2.750513 -2.138443 -1.706522
14.720158 272 2.749396 -2.146649 -1.706137
14.740122 273 2.748261 -2.154957 -1.706522
14.760102 274 2.747147 -2.163112 -1.706522
14.780121 275 2.746044 -2.171216 -1.706137
14.800156 276 2.744951 -2.179218 -1.706522
14.820160 277 2.743833 -2.187424 -1.706137
14.840147 278 2.742709 -2.195681 -1.706137
14.860131 279 2.741588 -2.203887 -1.706522
14.880136 280 2.740479 -2.211991 -1.706908
14.900108 281 2.739380 -2.219992 -1.707293
14.920095 282 2.738253 -2.228145 -1.708064
14.940114 283 2.737113 -2.236400 -1.708064
14.960103 284 2.735983 -2.244604 -1.707679
14.980089 285 2.734850 -2.252808 -1.708064
15.000074 286 2.733724 -2.260961 -1.708064
15.020101 287 2.732591 -2.269113 -1.708836
15.040130 288 2.731444 -2.277367 -1.708836
15.060086 289 2.730308 -2.285571 -1.708450
15.080099 290 2.729317 -2.293016 -1.703052
15.100103 291 2.728202 -2.301326 -1.704209
15.120102 292 2.727087 -2.309584 -1.704980
15.140195 293 2.725966 -2.317842 -1.705751
15.160149 294 2.724839 -2.326099 -1.706522
15.180134 295 2.723725 -2.334254 -1.706522
15.200155 296 2.722601 -2.342459 -1.706908
15.220125 297 2.721460 -2.350766 -1.707293
15.240241 298 2.720330 -2.358970 -1.707679
15.260200 299 2.719193 -2.367226 -1.707679
15.280069 300 2.718074 -2.375328 -1.708064
15.300204 301 2.716965 -2.383327 -1.708450
15.320049 302 2.715826 -2.391531 -1.708836
15.340076 303 2.714679 -2.399785 -1.708836
15.360093 304 2.713551 -2.407885 -1.709221
15.380089 305 2.712423 -2.415934 -1.709992
15.400075 306 2.711299 -2.423932 -1.710378
15.430090 307 2.709558 -2.436258 -1.711149
15.450004 308 2.708371 -2.444611 -1.711920
15.470069 309 2.707205 -2.452862 -1.711149
15.490044 310 2.706023 -2.461163 -1.712306
15.510043 311 2.704848 -2.469413 -1.712306
15.530023 312 2.703679 -2.477664 -1.711535
15.550036 313 2.702539 -2.485711 -1.711535
15.570032 314 2.701476 -2.493406 -1.708064
15.590036 315 2.700380 -2.501407 -1.706908
15.610004 316 2.699236 -2.509662 -1.708450
15.630032 317 2.698097 -2.517865 -1.708836
15.650020 318 2.696940 -2.526169 -1.709221
15.670027 319 2.695794 -2.534372 -1.709607
15.690020 320 2.694645 -2.542574 -1.709992
15.710068 321 2.693492 -2.550775 -1.710378
15.730055 322 2.692337 -2.558976 -1.710763
15.750052 323 2.691185 -2.567177 -1.710378
15.770072 324 2.690044 -2.575276 -1.710763
15.790103 325 2.688900 -2.583375 -1.711149
15.810125 326 2.687738 -2.591575 -1.711535
15.830100 327 2.686577 -2.599723 -1.712306
15.850072 328 2.685402 -2.607973 -1.712306
15.870074 329 2.684241 -2.616121 -1.712306
15.890052 330 2.683084 -2.624218 -1.712691
15.910045 331 2.681920 -2.632366 -1.712691
15.930112 332 2.680746 -2.640564 -1.713077
15.960096 333 2.678993 -2.652837 -1.712691
15.980087 334 2.677829 -2.660985 -1.712691
16.000085 335 2.676640 -2.669285 -1.713077
16.020063 336 2.675473 -2.677432 -1.713077
16.040128 337 2.674301 -2.685631 -1.712691
16.060094 338 2.673260 -2.693172 -1.708064
16.080051 339 2.672117 -2.701375 -1.709221
16.100108 340 2.671012 -2.709375 -1.708064
16.120098 341 2.669844 -2.717730 -1.709607
16.140122 342 2.668724 -2.725728 -1.709992
16.160149 343 2.667568 -2.733981 -1.709992
16.180163 344 2.666405 -2.742233 -1.710763
16.210133 345 2.664659 -2.754558 -1.711535
16.230122 346 2.663494 -2.762758 -1.711920
16.250144 347 2.662332 -2.770958 -1.711535
16.280136 348 2.660598 -2.783233 -1.711149
16.300067 349 2.659436 -2.791433 -1.711535
16.320083 350 2.658267 -2.799684 -1.711535
16.340029 351 2.657117 -2.807782 -1.711920
16.360082 352 2.655978 -2.815777 -1.712306
16.380039 353 2.654836 -2.823772 -1.712691
16.400008 354 2.653701 -2.831716 -1.712691
16.420048 355 2.652531 -2.839863 -1.713462
16.439999 356 2.651346 -2.848112 -1.713462
16.470072 357 2.649605 -2.860231 -1.713462
16.490083 358 2.648420 -2.868479 -1.713462
16.510039 359 2.647239 -2.876677 -1.713848
16.530023 360 2.646062 -2.884874 -1.713462
16.550052 361 2.644990 -2.892568 -1.709221
16.570074 362 2.643885 -2.900568 -1.708064
16.590126 363 2.642742 -2.908770 -1.709221
16.610116 364 2.641600 -2.916921 -1.709992
16.630112 365 2.640438 -2.925173 -1.710763
16.650088 366 2.639275 -2.933425 -1.710763
16.670092 367 2.638117 -2.941625 -1.711149
16.690083 368 2.636955 -2.949826 -1.711535
16.710027 369 2.635775 -2.958127 -1.711920
16.730054 370 2.634628 -2.966225 -1.711535
16.750094 371 2.633470 -2.974426 -1.711149
16.770061 372 2.632322 -2.982524 -1.711535
16.790027 373 2.631164 -2.990724 -1.711149
16.810071 374 2.629992 -2.998975 -1.711920
16.830145 375 2.628834 -3.007123 -1.711920
16.850144 376 2.627676 -3.015272 -1.711920
16.870120 377 2.626552 -3.023166 -1.712306
16.890142 378 2.625410 -3.031161 -1.712691
16.920166 379 2.623640 -3.043483 -1.713462
16.940147 380 2.622521 -3.051377 -1.711535
16.960100 0 2.621814 -3.056836 -1.699582
16.980063 0 2.621550 -3.059084 -1.688015
17.000108 1 2.621581 -3.058828 -1.694570
17.020066 2 2.621323 -3.060662 -1.710763
17.040092 3 2.621076 -3.062238 -1.726572
17.060060 4 2.620839 -3.063606 -1.741609
17.080109 5 2.620791 -3.063859 -1.759730
17.100092 6 2.620728 -3.064161 -1.775924
17.120126 7 2.620673 -3.064412 -1.788648
17.140115 8 2.620649 -3.064512 -1.804842
17.160103 9 2.620736 -3.064163 -1.815252
17.180064 10 2.620657 -3.064461 -1.830675
17.200101 11 2.620837 -3.063817 -1.844170
17.220062 12 2.620970 -3.063374 -1.860749
17.240093 13 2.621296 -3.062344 -1.877329
17.260106 14 2.621724 -3.061077 -1.896607
17.280084 15 2.622165 -3.059869 -1.920898
17.300120 16 2.622654 -3.058624 -1.945574
17.320070 17 2.623158 -3.057441 -1.972949
17.340101 18 2.623821 -3.055990 -1.999554
17.360122 19 2.624483 -3.054654 -2.030784
17.380095 20 2.625234 -3.053247 -2.061244
17.400136 21 2.625545 -3.052713 -2.098259
17.420142 22 2.626011 -3.051974 -2.133345
17.440139 23 2.626330 -3.051506 -2.169974
17.460117 24 2.626728 -3.050969 -2.207374
17.480120 25 2.627081 -3.050527 -2.244775
17.500136 26 2.627417 -3.050137 -2.282560
17.520133 27 2.627732 -3.049798 -2.319960
17.540134 28 2.628059 -3.049471 -2.355818
17.560116 29 2.628323 -3.049226 -2.393218
17.580075 30 2.628596 -3.048990 -2.429847
17.600209 31 2.628797 -3.048830 -2.466476
17.620155 32 2.628879 -3.048768 -2.502719
17.640077 33 2.628964 -3.048710 -2.537420
17.660207 34 2.629007 -3.048682 -2.571736
17.680235 35 2.629096 -3.048630 -2.605666
17.700130 36 2.629141 -3.048605 -2.639210
17.720211 37 2.629095 -3.048628 -2.672755
17.740066 38 2.629142 -3.048606 -2.704757
17.760172 39 2.629047 -3.048647 -2.737144
17.790056 40 2.628854 -3.048719 -2.784955
17.810021 41 2.628805 -3.048735 -2.816957
17.830060 42 2.628855 -3.048720 -2.848959
17.850042 43 2.628656 -3.048773 -2.879804
17.870049 44 2.628606 -3.048785 -2.910264
17.890043 45 2.628656 -3.048775 -2.940724
17.910039 46 2.628656 -3.048775 -2.971569
17.950053 47 2.628656 -3.048775 -3.032489
17.970034 48 2.628554 -3.048783 -3.061792
17.990062 49 2.628554 -3.048783 -3.091095
18.010055 50 2.628554 -3.048783 -3.119627
18.030069 51 2.628502 -3.048783 -3.147774
18.050066 52 2.628399 -3.048779 -3.173992
18.070018 53 2.628399 -3.048779 -3.199440
18.090037 54 2.628502 -3.048788 -3.223345
18.110061 55 2.628553 -3.048793 -3.246094
18.130083 56 2.628655 -3.048806 -3.267685
18.150058 57 2.628808 -3.048828 -3.285036
18.170019 58 2.628706 -3.048812 -3.301230
18.189981 59 2.628909 -3.048847 -3.314339
18.210033 0 2.629162 -3.048894 -3.323207
18.230078 0 2.629162 -3.048894 -3.333232
18.250105 1 2.629212 -3.048904 -3.340558
18.270045 2 2.629061 -3.048873 -3.345570
18.290031 3 2.628961 -3.048851 -3.348655
18.310050 4 2.628609 -3.048776 -3.352125
18.330061 5 2.628307 -3.048711 -3.354438
18.360098 6 2.627603 -3.048557 -3.357523
18.380043 7 2.627302 -3.048491 -3.357523
18.400099 8 2.626850 -3.048391 -3.359450
18.420078 9 2.626448 -3.048301 -3.360222
18.440079 10 2.625946 -3.048189 -3.360993
18.480112 11 2.624290 -3.047815 -3.363692
18.500021 12 2.623187 -3.047564 -3.365234
18.530046 13 2.621131 -3.047093 -3.367162
18.550008 14 2.619527 -3.046723 -3.367933
18.570018 15 2.617673 -3.046294 -3.369090
18.590008 16 2.615468 -3.045782 -3.369861
18.609955 17 2.613164 -3.045245 -3.370632
18.630024 18 2.610409 -3.044601 -3.371017
18.660048 19 2.605801 -3.043521 -3.371789
18.680124 20 2.602445 -3.042736 -3.371403
18.700143 21 2.599287 -3.042009 -3.367933
18.720086 22 2.595179 -3.041053 -3.370246
18.740143 23 2.591170 -3.040123 -3.369475
18.760125 24 2.586612 -3.039057 -3.371403
18.780120 25 2.581757 -3.037903 -3.374873
18.800130 26 2.576656 -3.036675 -3.377958
18.820145 27 2.571259 -3.035357 -3.381042
18.840122 28 2.565566 -3.033949 -3.384127
18.870177 29 2.556639 -3.031693 -3.389139
18.890148 30 2.550510 -3.030121 -3.392609
18.910118 31 2.544039 -3.028435 -3.396465
18.930064 32 2.537425 -3.026687 -3.399935
18.950091 33 2.530567 -3.024852 -3.403020
18.980101 34 2.519893 -3.021957 -3.406490
19.000068 35 2.512649 -3.019974 -3.408803
19.020079 36 2.505015 -3.017859 -3.411888
19.040100 37 2.497238 -3.015681 -3.414587
19.060087 38 2.489267 -3.013433 -3.416514
19.080060 39 2.481153 -3.011124 -3.418828
19.100066 40 2.473091 -3.008820 -3.419985
19.130109 41 2.460881 -3.005304 -3.421912
19.150090 42 2.452382 -3.002843 -3.423455
19.170117 43 2.444083 -3.000433 -3.424226
19.190113 44 2.435540 -2.997941 -3.425382
19.210109 45 2.427244 -2.995522 -3.425382
19.230034 46 2.418901 -2.993078 -3.426539
19.250099 47 2.410950 -2.990759 -3.425382
19.280111 48 2.398692 -2.987225 -3.422298
19.300088 49 2.390241 -2.984785 -3.422683
19.320089 50 2.381791 -2.982341 -3.423069
19.340088 51 2.373539 -2.979952 -3.423455
19.370170 52 2.361037 -2.976337 -3.423069
19.390155 53 2.352786 -2.973947 -3.423455
19.420158 54 2.340580 -2.970418 -3.423069
19.440135 55 2.332574 -2.968103 -3.423069
19.460079 56 2.324520 -2.965771 -3.423455
19.480069 57 2.316466 -2.963442 -3.423069
19.500122 58 2.308458 -2.961133 -3.422298
19.520062 59 2.300451 -2.958825 -3.422298
19.540107 60 2.292493 -2.956534 -3.421912
19.560066 61 2.284583 -2.954256 -3.421912
19.580082 62 2.276820 -2.952031 -3.420756
19.600126 63 2.268759 -2.949724 -3.420370
19.620133 64 2.260995 -2.947498 -3.420756
19.640143 65 2.253132 -2.945248 -3.420370
19.660115 66 2.245219 -2.942983 -3.420370
19.680078 67 2.237355 -2.940735 -3.419985
19.700115 68 2.229490 -2.938490 -3.419599
19.720073 69 2.221723 -2.936277 -3.419213
19.740099 70 2.214051 -2.934107 -3.417286
19.760122 71 2.206665 -2.932057 -3.412273
19.800153 72 2.190606 -2.927601 -3.412273
19.830247 73 2.178509 -2.924254 -3.411502
19.850223 74 2.170524 -2.922055 -3.410345
19.880248 75 2.158273 -2.918686 -3.409960
19.910269 76 2.146367 -2.915421 -3.409189
19.940249 77 2.134460 -2.912157 -3.409189
19.960132 78 2.126523 -2.909981 -3.409189
19.980127 79 2.118484 -2.907783 -3.408417
20.000218 80 2.110543 -2.905619 -3.407646
20.020174 81 2.102653 -2.903466 -3.408032
20.050115 82 2.090692 -2.900206 -3.407646
20.070213 83 2.082749 -2.898049 -3.406875
20.090078 84 2.074807 -2.895891 -3.406875
20.110021 85 2.066913 -2.893749 -3.406490
20.130068 86 2.058970 -2.891594 -3.406490
20.150039 87 2.051025 -2.889446 -3.405719
20.170069 88 2.043080 -2.887297 -3.405719
20.200093 89 2.031162 -2.884074 -3.405719
20.220097 90 2.023215 -2.881931 -3.404947
20.240116 91 2.015660 -2.879919 -3.401863
20.270121 92 2.003968 -2.876849 -3.398393
20.300106 93 1.991876 -2.873679 -3.398007
20.320067 94 1.983815 -2.871565 -3.398007
20.340030 95 1.975754 -2.869452 -3.398007
20.370043 96 1.963611 -2.866278 -3.397236
20.400089 97 1.951618 -2.863139 -3.397622
20.420092 98 1.943755 -2.861080 -3.397622
20.440034 99 1.935943 -2.859032 -3.398007
20.460029 100 1.928031 -2.856961 -3.397622
20.480027 101 1.920068 -2.854877 -3.397622
20.510063 102 1.908026 -2.851724 -3.397622
20.540013 103 1.896082 -2.848598 -3.397622
20.560011 104 1.888120 -2.846513 -3.397622
20.580046 105 1.880109 -2.844413 -3.398007
20.610006 106 1.868218 -2.841290 -3.398393
20.630025 107 1.860208 -2.839184 -3.398778
20.660102 108 1.848320 -2.836052 -3.399164
20.690081 109 1.836384 -2.832898 -3.399935
20.720124 110 1.824547 -2.829770 -3.399935
20.750119 111 1.813148 -2.826800 -3.396465
20.780148 112 1.801147 -2.823688 -3.395308
20.810125 113 1.789100 -2.820555 -3.396079
20.850135 114 1.773220 -2.816417 -3.396465
20.880120 115 1.761077 -2.813243 -3.397236
20.900120 116 1.753065 -2.811146 -3.397622
20.930139 117 1.741221 -2.808046 -3.397622
20.950120 118 1.733360 -2.805981 -3.398393
20.980085 119 1.721370 -2.802828 -3.398778
21.000125 120 1.713311 -2.800708 -3.398778
21.020122 121 1.705304 -2.798593 -3.399935
21.040121 122 1.697397 -2.796500 -3.400321
21.060084 123 1.689341 -2.794368 -3.400321
21.080138 124 1.681385 -2.792262 -3.400321
21.120138 125 1.665379 -2.788000 -3.401863
21.160115 126 1.649373 -2.783737 -3.401863
21.190095 127 1.637397 -2.780533 -3.403020
21.210075 128 1.629596 -2.778442 -3.403405
21.229991 129 1.621744 -2.776345 -3.402634
21.250076 130 1.614477 -2.774446 -3.397236
21.280061 131 1.602188 -2.771219 -3.398393
21.300057 132 1.593981 -2.769053 -3.399549
21.330051 133 1.581945 -2.765878 -3.399549
21.360056 134 1.569811 -2.762666 -3.400321
21.380060 135 1.561607 -2.760492 -3.400706
21.420099 136 1.545647 -2.756255 -3.401092
21.440095 137 1.537792 -2.754169 -3.401092
21.470062 138 1.525760 -2.750975 -3.401092
21.500075 139 1.513728 -2.747781 -3.401092
21.530084 140 1.501798 -2.744603 -3.401863
21.560080 141 1.489868 -2.741426 -3.401863
21.590120 142 1.478038 -2.738276 -3.401863
21.620073 143 1.466212 -2.735107 -3.403405
21.640029 144 1.458412 -2.733014 -3.403791
21.660019 145 1.450414 -2.730864 -3.404176
21.690110 146 1.438491 -2.727659 -3.404176
21.720076 147 1.426768 -2.724508 -3.404176
21.750083 148 1.415527 -2.721542 -3.399549
21.770090 149 1.407420 -2.719400 -3.399935
21.790073 150 1.399264 -2.717245 -3.399935
21.810084 151 1.391156 -2.715106 -3.399549
21.840102 152 1.379120 -2.711930 -3.399549
21.880076 153 1.363004 -2.707678 -3.399549
21.910108 154 1.350970 -2.704493 -3.400321
21.940105 155 1.339086 -2.701343 -3.400706
21.960092 156 1.331181 -2.699244 -3.401092
21.980038 157 1.323128 -2.697100 -3.401863
22.000082 158 1.315126 -2.694966 -3.402248
22.020096 159 1.307324 -2.692881 -3.402634
22.040092 160 1.299323 -2.690741 -3.403020
22.070069 161 1.287496 -2.687576 -3.403020
22.090092 162 1.279448 -2.685416 -3.403791
22.120136 163 1.267575 -2.682225 -3.404176
22.150160 164 1.255703 -2.679029 -3.404562
22.170156 165 1.247757 -2.676884 -3.405333
22.190077 166 1.239761 -2.674728 -3.404947
22.210136 167 1.231964 -2.672622 -3.405333
22.240098 168 1.220923 -2.669705 -3.399935
22.260073 169 1.212720 -2.667527 -3.401092
22.280086 170 1.204714 -2.665405 -3.400706
22.300051 171 1.196511 -2.663227 -3.401092
22.320072 172 1.188458 -2.661082 -3.401863
22.350072 173 1.176378 -2.657870 -3.401477
22.380109 174 1.164248 -2.654645 -3.401477
22.400171 175 1.156194 -2.652503 -3.401477
22.420180 176 1.148392 -2.650419 -3.402634
22.450080 177 1.136464 -2.647233 -3.402634
22.470020 178 1.128314 -2.645056 -3.402634
22.500074 179 1.116139 -2.641798 -3.403020
22.520086 180 1.108188 -2.639671 -3.403020
22.540056 181 1.100238 -2.637544 -3.403020
22.570082 182 1.088362 -2.634362 -3.403405
22.590077 183 1.080213 -2.632178 -3.403405
22.610061 184 1.072415 -2.630079 -3.404562
22.630052 185 1.064466 -2.627945 -3.403791
22.650075 186 1.056567 -2.625822 -3.404176
22.680058 187 1.044644 -2.622617 -3.404176
22.700054 188 1.036844 -2.620524 -3.403791
22.720048 189 1.029533 -2.618595 -3.399549
22.750062 190 1.017690 -2.615490 -3.398007
22.770062 191 1.009582 -2.613354 -3.399164
22.800061 192 0.997442 -2.610166 -3.398393
22.820046 193 0.989532 -2.608086 -3.398778
22.840046 194 0.981473 -2.605966 -3.398778
22.860044 195 0.973314 -2.603820 -3.398778
22.890059 196 0.961224 -2.600646 -3.398393
22.910065 197 0.953263 -2.598555 -3.398393
22.940086 198 0.941422 -2.595446 -3.398393
22.969992 199 0.929433 -2.592292 -3.398778
22.990014 200 0.921324 -2.590156 -3.399164
23.010042 201 0.913416 -2.588070 -3.399549
23.030088 202 0.905409 -2.585954 -3.399935
23.060064 203 0.893521 -2.582818 -3.399549
23.090115 204 0.881487 -2.579633 -3.400321
23.110038 205 0.873630 -2.577553 -3.400321
23.130049 206 0.865576 -2.575415 -3.401092
23.150019 207 0.857720 -2.573329 -3.401092
23.170045 208 0.849816 -2.571228 -3.401477
23.200061 209 0.838134 -2.568117 -3.401863
23.230151 210 0.827084 -2.565238 -3.396465
23.250099 211 0.818873 -2.563088 -3.397622
23.280116 212 0.806682 -2.559892 -3.398007
23.300080 213 0.798619 -2.557785 -3.397236
23.320040 214 0.790607 -2.555687 -3.397622
23.340027 215 0.782596 -2.553587 -3.398007
23.370032 216 0.770506 -2.550412 -3.398393
23.390008 217 0.762496 -2.548305 -3.398778
23.420100 218 0.750656 -2.545191 -3.398778
23.440039 219 0.742796 -2.543124 -3.398778
23.460034 220 0.734838 -2.541024 -3.399549
23.500025 221 0.718774 -2.536780 -3.399935
23.530029 222 0.706840 -2.533616 -3.400706
23.560105 223 0.694958 -2.530462 -3.401092
23.580134 224 0.686954 -2.528333 -3.401477
23.600120 225 0.679050 -2.526229 -3.401863
23.620122 226 0.671147 -2.524121 -3.402248
23.640131 227 0.663146 -2.521983 -3.402634
23.670115 228 0.651221 -2.518788 -3.403405
23.700138 229 0.639395 -2.515619 -3.403405
23.720141 230 0.631985 -2.513661 -3.399935
23.740078 231 0.624274 -2.511633 -3.398778
23.770074 232 0.612041 -2.508395 -3.400321
23.790043 233 0.603934 -2.506253 -3.399935
23.820093 234 0.591998 -2.503099 -3.399935
23.850117 235 0.579963 -2.499919 -3.399935
23.880129 236 0.567779 -2.496694 -3.400321
23.900125 237 0.559823 -2.494588 -3.400321
23.920123 238 0.551917 -2.492493 -3.400706
23.940102 239 0.544061 -2.490410 -3.400706
23.960119 240 0.536058 -2.488279 -3.401863
23.990117 241 0.524079 -2.485084 -3.402248
24.010065 242 0.516177 -2.482973 -3.402634
24.040119 243 0.504250 -2.479787 -3.402634
24.070118 244 0.492225 -2.476565 -3.403405
24.100119 245 0.480252 -2.473351 -3.403791
24.120090 246 0.472355 -2.471222 -3.404947
24.150067 247 0.460437 -2.467999 -3.405719
24.170085 248 0.452442 -2.465840 -3.405333
24.200113 249 0.440821 -2.462702 -3.405333
24.230140 250 0.429486 -2.459688 -3.401477
24.260123 251 0.417456 -2.456489 -3.401477
24.290125 252 0.405326 -2.453264 -3.401477
24.310122 253 0.397321 -2.451139 -3.401092
24.330123 254 0.389317 -2.449011 -3.401477
24.360121 255 0.377287 -2.445812 -3.401477
24.390085 256 0.365305 -2.442631 -3.401092
24.410080 257 0.357400 -2.440529 -3.401477
24.430136 258 0.349497 -2.438424 -3.401863
24.460151 259 0.337470 -2.435211 -3.402634
24.490115 260 0.325443 -2.431999 -3.402634
24.510123 261 0.317491 -2.429874 -3.402634
24.530112 262 0.309590 -2.427760 -3.403020
24.550106 263 0.301540 -2.425607 -3.403020
24.570135 264 0.293441 -2.423436 -3.403405
24.600115 265 0.281567 -2.420250 -3.403791
24.620076 266 0.273668 -2.418127 -3.404176
24.640076 267 0.265721 -2.415984 -3.404947
24.670085 268 0.253799 -2.412779 -3.404176
24.700107 269 0.242461 -2.409779 -3.400321
24.730087 270 0.230674 -2.406664 -3.399935
24.750061 271 0.222619 -2.404529 -3.400706
24.770032 272 0.214564 -2.402393 -3.400706
24.790037 273 0.206608 -2.400285 -3.400706
24.820064 274 0.194526 -2.397077 -3.401092
24.869991 275 0.174341 -2.391718 -3.401092
24.890014 276 0.166337 -2.389590 -3.401477
24.920066 277 0.154454 -2.386435 -3.401092
24.950085 278 0.142425 -2.383232 -3.401863
24.980097 279 0.130447 -2.380037 -3.402248
25.010091 280 0.118419 -2.376829 -3.402248
25.040088 281 0.106490 -2.373647 -3.402248
25.060072 282 0.098489 -2.371510 -3.402634
25.080095 283 0.090488 -2.369369 -3.403020
25.110096 284 0.078465 -2.366142 -3.403791
25.130017 285 0.070615 -2.364036 -3.403791
25.150017 286 0.062716 -2.361913 -3.404176
25.170036 287 0.054768 -2.359776 -3.404176
25.200058 288 0.043578 -2.356819 -3.399935
25.230006 289 0.031642 -2.353665 -3.399935
25.259955 290 0.019509 -2.350449 -3.400706
25.280027 291 0.011404 -2.348304 -3.400321
25.320019 292 -0.004657 -2.344047 -3.400706
25.350016 293 -0.016840 -2.340822 -3.400321
25.390098 294 -0.032853 -2.336584 -3.400321
25.410032 295 -0.040811 -2.334485 -3.399549
25.430076 296 -0.048768 -2.332379 -3.400321
25.460097 297 -0.060850 -2.329176 -3.400706
25.490073 298 -0.072980 -2.325951 -3.401477
25.520039 299 -0.084861 -2.322787 -3.401863
25.550047 300 -0.096788 -2.319601 -3.402634
25.570049 301 -0.104789 -2.317460 -3.403020
25.590024 302 -0.112690 -2.315349 -3.402634
25.619982 303 -0.124664 -2.312136 -3.403791
25.640034 304 -0.132613 -2.310002 -3.403791
25.670116 305 -0.144440 -2.306838 -3.403020
25.690081 306 -0.151802 -2.304899 -3.399164
25.720113 307 -0.163541 -2.301806 -3.399164
25.750031 308 -0.175725 -2.298582 -3.400321
25.770062 309 -0.183730 -2.296460 -3.400706
25.790062 310 -0.191787 -2.294331 -3.399935
25.820118 311 -0.203772 -2.291159 -3.400321
25.850129 312 -0.216005 -2.287921 -3.400321
25.880154 313 -0.228039 -2.284736 -3.400321
25.910097 314 -0.239923 -2.281586 -3.400706
25.940073 315 -0.251854 -2.278414 -3.401477
25.960076 316 -0.259807 -2.276293 -3.402248
25.980049 317 -0.267757 -2.274165 -3.403020
26.000055 318 -0.275808 -2.272012 -3.403020
26.020084 319 -0.283659 -2.269911 -3.403020
26.050103 320 -0.295084 -2.266835 -3.404562
26.070117 0 -0.299710 -2.265619 -3.398778
26.100164 0 -0.302057 -2.265035 -3.385283
26.120145 1 -0.303306 -2.264729 -3.381813
26.150145 2 -0.305692 -2.264096 -3.401092
26.170068 3 -0.307080 -2.263709 -3.413430
26.200141 4 -0.308510 -2.263285 -3.430009
26.220117 5 -0.309001 -2.263133 -3.441576
26.250147 6 -0.309246 -2.263052 -3.458927
26.310146 7 -0.309101 -2.263106 -3.493242
26.330137 8 -0.308765 -2.263235 -3.508280
26.350139 9 -0.308096 -2.263503 -3.522931
26.390122 10 -0.306453 -2.264239 -3.562645
26.410092 11 -0.305617 -2.264636 -3.585007
26.430149 12 -0.304790 -2.265053 -3.608913
26.450115 13 -0.303974 -2.265492 -3.635131
26.470119 14 -0.303216 -2.265927 -3.663278
26.490085 15 -0.302559 -2.266331 -3.692195
26.520143 16 -0.301751 -2.266881 -3.738849
26.550087 17 -0.300844 -2.267558 -3.782804
26.570083 18 -0.300240 -2.268038 -3.813263
26.600142 19 -0.300086 -2.268174 -3.865701
26.620113 20 -0.299974 -2.268280 -3.900787
26.650111 21 -0.299903 -2.268355 -3.951682
26.670118 22 -0.299834 -2.268432 -3.985612
26.700108 23 -0.299770 -2.268512 -4.037278
26.720090 24 -0.299678 -2.268636 -4.071594
26.750084 25 -0.299678 -2.268636 -4.124031
26.770091 26 -0.299759 -2.268505 -4.158346
26.800058 27 -0.299808 -2.268414 -4.210013
26.830102 28 -0.299853 -2.268322 -4.259365
26.860076 29 -0.299914 -2.268180 -4.308332
26.890087 30 -0.299968 -2.268035 -4.356528
26.920074 31 -0.299999 -2.267937 -4.403567
26.940109 32 -0.300041 -2.267789 -4.435570
26.960059 33 -0.300054 -2.267739 -4.466801
26.990074 34 -0.300084 -2.267588 -4.513454
27.020065 35 -0.300100 -2.267486 -4.559722
27.050072 36 -0.300116 -2.267333 -4.606376
27.070074 37 -0.300120 -2.267281 -4.637607
27.100117 38 -0.300120 -2.267281 -4.684646
27.120058 39 -0.300120 -2.267230 -4.715106
27.140078 40 -0.300118 -2.267178 -4.745566
27.170130 41 -0.300106 -2.267025 -4.790677
27.190086 42 -0.300101 -2.266973 -4.820366
27.220100 43 -0.300085 -2.266872 -4.862778
27.240016 44 -0.300058 -2.266720 -4.889383
27.270158 45 -0.300047 -2.266670 -4.926783
27.290055 46 -0.300047 -2.266670 -4.949146
27.310022 47 -0.300021 -2.266570 -4.970737
27.340002 48 -0.300035 -2.266619 -4.998113
27.370061 49 -0.300066 -2.266718 -5.018162
27.400045 0 -0.300147 -2.266962 -5.033199
27.420038 0 -0.300181 -2.267059 -5.041682
27.450068 1 -0.300147 -2.266962 -5.050935
27.470013 2 -0.300112 -2.266865 -5.054791
27.490027 3 -0.300095 -2.266817 -5.055948
27.520062 4 -0.299885 -2.266236 -5.059803
27.550066 5 -0.299779 -2.265946 -5.061346
27.580045 6 -0.299656 -2.265608 -5.062502
27.600025 7 -0.299549 -2.265318 -5.063274
27.630091 8 -0.299265 -2.264546 -5.064816
27.660036 9 -0.298890 -2.263532 -5.066744
27.690075 10 -0.298353 -2.262086 -5.068286
27.710017 11 -0.297884 -2.260833 -5.070599
27.730039 12 -0.297323 -2.259341 -5.071756
27.760148 13 -0.296304 -2.256646 -5.074069
27.790103 14 -0.295080 -2.253424 -5.075226
27.820048 15 -0.293634 -2.249627 -5.076383
27.840038 16 -0.292554 -2.246790 -5.075997
27.870062 17 -0.290717 -2.241985 -5.077540
27.890070 18 -0.289607 -2.239050 -5.074069
27.920123 19 -0.287541 -2.233562 -5.072527
27.940104 20 -0.285936 -2.229330 -5.074841
27.960098 21 -0.284194 -2.224764 -5.076768
27.990108 22 -0.281358 -2.217422 -5.081010
28.010069 23 -0.279382 -2.212340 -5.083323
28.030114 24 -0.277239 -2.206881 -5.086408
28.060096 25 -0.273845 -2.198322 -5.089878
28.080119 26 -0.271459 -2.192351 -5.092577
28.110104 27 -0.267643 -2.182907 -5.096432
28.130109 28 -0.265029 -2.176474 -5.098360
28.180118 29 -0.257939 -2.159255 -5.102987
28.210097 30 -0.253441 -2.148368 -5.104144
28.230052 31 -0.250388 -2.141002 -5.105300
28.250085 32 -0.247208 -2.133355 -5.106457
28.300123 33 -0.239103 -2.114051 -5.109927
28.320122 34 -0.235808 -2.106229 -5.111084
28.350103 35 -0.230763 -2.094344 -5.113783
28.370082 36 -0.227340 -2.086297 -5.114554
28.390103 37 -0.223911 -2.078252 -5.115325
28.440141 38 -0.215462 -2.058536 -5.117253
28.460099 39 -0.212329 -2.051147 -5.113397
28.490073 40 -0.207260 -2.039217 -5.114169
28.520086 41 -0.202222 -2.027385 -5.114940
28.560090 42 -0.195505 -2.011627 -5.115325
28.590108 43 -0.190534 -1.999990 -5.116096
28.610072 44 -0.187243 -1.992278 -5.115711
28.630040 45 -0.183979 -1.984610 -5.114940
28.650047 46 -0.180674 -1.976849 -5.114940
28.670057 47 -0.177392 -1.969133 -5.114554
28.700073 48 -0.172463 -1.957533 -5.114169
28.730109 49 -0.167595 -1.946076 -5.114169
28.760101 50 -0.162711 -1.934570 -5.113783
28.780094 51 -0.159542 -1.927086 -5.113012
28.800093 52 -0.156349 -1.919555 -5.113397
28.820071 53 -0.153130 -1.911980 -5.114169
28.840093 54 -0.149975 -1.904546 -5.113783
28.860091 55 -0.146713 -1.896878 -5.114554
28.890094 56 -0.141865 -1.885468 -5.114169
28.920090 57 -0.137111 -1.874242 -5.113012
28.940072 58 -0.134191 -1.867266 -5.108771
28.970063 59 -0.129449 -1.855923 -5.108385
29.000079 60 -0.124671 -1.844484 -5.107999
29.020089 61 -0.121545 -1.836981 -5.107228
29.040065 62 -0.118362 -1.829336 -5.106843
29.060078 63 -0.115199 -1.821737 -5.106843
29.090099 64 -0.110455 -1.810339 -5.106843
29.120100 65 -0.105695 -1.798892 -5.106457
29.140072 66 -0.102518 -1.791244 -5.106072
29.170167 67 -0.097761 -1.779740 -5.104529
29.200100 68 -0.092973 -1.768138 -5.103758
29.220098 69 -0.089777 -1.760386 -5.103373
29.250115 70 -0.085018 -1.748827 -5.102987
29.280125 71 -0.080326 -1.737408 -5.102216
29.310102 72 -0.075611 -1.725943 -5.102601
29.340128 73 -0.070875 -1.714430 -5.102601
29.360116 74 -0.067745 -1.706818 -5.102601
29.390155 75 -0.063009 -1.695305 -5.102601
29.420129 76 -0.058385 -1.684025 -5.101445
29.440036 77 -0.055491 -1.676872 -5.096818
29.470124 78 -0.050923 -1.665569 -5.096432
29.490109 79 -0.047795 -1.657845 -5.097204
29.520106 80 -0.043161 -1.646402 -5.097204
29.540099 81 -0.040077 -1.638771 -5.096432
29.570113 82 -0.035451 -1.627325 -5.096432
29.600132 83 -0.030802 -1.615832 -5.096818
29.630207 84 -0.026157 -1.604338 -5.096432
29.650070 85 -0.023079 -1.596705 -5.095661
29.670045 86 -0.019963 -1.588976 -5.095661
29.700035 87 -0.015278 -1.577332 -5.094890
29.720166 88 -0.012152 -1.569552 -5.094505
29.740195 89 -0.009067 -1.561866 -5.094119
29.770038 90 -0.004467 -1.550409 -5.094119
29.790052 91 -0.001418 -1.542819 -5.094505
29.820058 92 0.003171 -1.531414 -5.094890
29.850061 93 0.007788 -1.519964 -5.095661
29.880039 94 0.012405 -1.508514 -5.095661
29.910063 95 0.016945 -1.497255 -5.095661
29.940065 96 0.021242 -1.486452 -5.091034
29.960020 97 0.024263 -1.478852 -5.090649
29.980013 98 0.027220 -1.471392 -5.089878
30.000021 99 0.030320 -1.463601 -5.091034
30.020018 100 0.033346 -1.456002 -5.091420
30.050070 101 0.037915 -1.444533 -5.091420
30.070041 102 0.040982 -1.436840 -5.091806
30.089999 103 0.044046 -1.429146 -5.091420
30.120003 104 0.048653 -1.417581 -5.091420
30.140018 105 0.051736 -1.409839 -5.091420
30.160026 106 0.054814 -1.402095 -5.090649
30.180012 107 0.057913 -1.394304 -5.091034
30.199982 108 0.060956 -1.386656 -5.091034
30.230043 109 0.065572 -1.375040 -5.090649
30.250036 110 0.068672 -1.367249 -5.091034
30.270025 111 0.071676 -1.359697 -5.091034
30.300097 112 0.076234 -1.348279 -5.092191
30.330078 113 0.080805 -1.336866 -5.093348
30.360124 114 0.085395 -1.325406 -5.093348
30.390117 115 0.089995 -1.313948 -5.094119
30.420048 116 0.094517 -1.302682 -5.094119
30.440086 117 0.097380 -1.295462 -5.089878
30.460089 118 0.100332 -1.288000 -5.089107
30.480054 119 0.103382 -1.280300 -5.089492
30.500063 120 0.106494 -1.272459 -5.090263
30.530069 121 0.111073 -1.260938 -5.090649
30.560062 122 0.115679 -1.249373 -5.091420
30.590034 123 0.120256 -1.237907 -5.092191
30.610064 124 0.123323 -1.230214 -5.091806
30.640122 125 0.127896 -1.218746 -5.091806
30.660087 126 0.131020 -1.210910 -5.091806
30.690102 127 0.135631 -1.199347 -5.091806
30.720139 128 0.140265 -1.187737 -5.092191
30.750127 129 0.144866 -1.176226 -5.092577
30.780083 130 0.149433 -1.164811 -5.092962
30.810123 131 0.154036 -1.153356 -5.094505
30.840122 132 0.158634 -1.141953 -5.095661
30.870107 133 0.163289 -1.130408 -5.095661
30.900144 134 0.167944 -1.118862 -5.095661
30.930140 135 0.172265 -1.108014 -5.091420
30.970127 136 0.178331 -1.092767 -5.091034
30.990092 137 0.181417 -1.085026 -5.091806
31.010090 138 0.184482 -1.077332 -5.091420
31.030064 139 0.187527 -1.069686 -5.091420
31.060084 140 0.192142 -1.058124 -5.092191
31.090026 141 0.196728 -1.046662 -5.092962
31.110020 142 0.199786 -1.039020 -5.092962
31.140075 143 0.204363 -1.027555 -5.092191
31.170050 144 0.208992 -1.015943 -5.091806
31.200122 145 0.213627 -1.004334 -5.092191
31.230164 146 0.218218 -0.992819 -5.091806
31.260132 147 0.222791 -0.981351 -5.091806
31.290135 148 0.227410 -0.969791 -5.092577
31.310117 149 0.230493 -0.962104 -5.093733
31.340143 150 0.235058 -0.950744 -5.094505
31.370118 151 0.239700 -0.939194 -5.094505
31.390114 152 0.242730 -0.931652 -5.094505
31.420136 153 0.247053 -0.920750 -5.089878
31.450108 154 0.251543 -0.909415 -5.089492
31.480098 155 0.256159 -0.897798 -5.090649
31.510140 156 0.260756 -0.886230 -5.090649
31.540146 157 0.265339 -0.874711 -5.091034
31.570128 158 0.269950 -0.863148 -5.091806
31.600151 159 0.274546 -0.851634 -5.092191
31.630164 160 0.279114 -0.840164 -5.091420
31.660124 161 0.283758 -0.828504 -5.091420
31.690089 162 0.288403 -0.816843 -5.091420
31.710107 163 0.291470 -0.809150 -5.091806
31.740149 164 0.296066 -0.797637 -5.092191
31.770133 165 0.300643 -0.786171 -5.092191
31.800114 166 0.305191 -0.774804 -5.092962
31.820099 167 0.308260 -0.767167 -5.094505
31.850154 168 0.312872 -0.755715 -5.095276
31.880160 169 0.317484 -0.744263 -5.095276
31.900110 170 0.320521 -0.736724 -5.095276
31.930119 171 0.324768 -0.726013 -5.089878
31.950080 172 0.327846 -0.718269 -5.090649
31.970068 173 0.330967 -0.710431 -5.091420
31.990095 174 0.334013 -0.702785 -5.091420
32.010095 175 0.337064 -0.695141 -5.092191
32.040130 176 0.341650 -0.683678 -5.092962
32.060211 177 0.344723 -0.675988 -5.092577
32.080181 178 0.347799 -0.668298 -5.092962
32.100186 179 0.350841 -0.660706 -5.093348
32.130189 180 0.355445 -0.649196 -5.092962
32.160057 181 0.360070 -0.637638 -5.092962
32.190139 182 0.364732 -0.625984 -5.092962
32.220153 183 0.369318 -0.614522 -5.092962
32.250121 184 0.373942 -0.602964 -5.092962
32.280056 185 0.378536 -0.591505 -5.093733
32.310084 186 0.383140 -0.580050 -5.094505
32.330053 187 0.386199 -0.572464 -5.095661
32.350016 188 0.389337 -0.564689 -5.096047
32.380091 189 0.393943 -0.553290 -5.096432
32.410072 190 0.398296 -0.542399 -5.092577
32.430070 191 0.401290 -0.534899 -5.092191
32.450068 192 0.404408 -0.527115 -5.093348
32.470018 193 0.407522 -0.519330 -5.092962
32.500092 194 0.412108 -0.507868 -5.092962
32.520070 195 0.415149 -0.500275 -5.093348
32.540069 196 0.418209 -0.492634 -5.093348
32.560070 197 0.421291 -0.484947 -5.093733
32.590059 198 0.425848 -0.473584 -5.093733
32.610008 199 0.428895 -0.465994 -5.094119
32.640088 200 0.433532 -0.454441 -5.094119
32.680081 201 0.439741 -0.438974 -5.094119
32.710126 202 0.444364 -0.427471 -5.094505
32.740159 203 0.448967 -0.416016 -5.094505
32.760104 204 0.452097 -0.408237 -5.094890
32.780056 205 0.455191 -0.400555 -5.095276
32.810124 206 0.459797 -0.389156 -5.096432
32.830060 207 0.462865 -0.381574 -5.096818
32.850075 208 0.466012 -0.373802 -5.097204
32.870074 209 0.469140 -0.366078 -5.097204
32.900081 210 0.473689 -0.354823 -5.096432
32.930106 211 0.478056 -0.343882 -5.092191
32.960118 212 0.482680 -0.332324 -5.092962
32.990107 213 0.487304 -0.320766 -5.092962
33.020100 214 0.491875 -0.309354 -5.093348
33.040103 215 0.494958 -0.301667 -5.093733
33.060098 216 0.498021 -0.294027 -5.093733
33.090136 217 0.502639 -0.282522 -5.094119
33.120144 218 0.507200 -0.271161 -5.094119
33.150139 219 0.511852 -0.259559 -5.093733
33.180123 220 0.516509 -0.247958 -5.094119
33.210090 221 0.521131 -0.236455 -5.094505
33.240139 222 0.525764 -0.224901 -5.093733
33.260092 223 0.528882 -0.217117 -5.093348
33.290138 224 0.533528 -0.205568 -5.094890
33.320075 225 0.538130 -0.194168 -5.096047
33.350093 226 0.542799 -0.182628 -5.096818
33.380072 227 0.547420 -0.171180 -5.096047
33.400068 228 0.550226 -0.164158 -5.092577
33.420072 229 0.553198 -0.156704 -5.091806
33.440061 230 0.556307 -0.148917 -5.092191
33.480073 231 0.562485 -0.133492 -5.093348
33.520060 232 0.568553 -0.118357 -5.093733
33.550114 233 0.573195 -0.106806 -5.094505
33.590062 234 0.579345 -0.091537 -5.095276
33.620006 235 0.583919 -0.080181 -5.095276
33.640049 236 0.587032 -0.072451 -5.095276
33.670085 237 0.591760 -0.060713 -5.095276
33.690078 238 0.594857 -0.053032 -5.095661
33.720059 239 0.599512 -0.041487 -5.095661
33.740064 240 0.602635 -0.033760 -5.096432
33.770079 241 0.607322 -0.022173 -5.096818
33.790006 242 0.610393 -0.014592 -5.097204
33.820060 243 0.615021 -0.003202 -5.098360
33.850080 244 0.619716 0.008327 -5.099131
33.870057 245 0.622837 0.015999 -5.098746
33.900084 246 0.627176 0.026784 -5.094890
33.930062 247 0.631761 0.038192 -5.094505
33.950027 248 0.634858 0.045873 -5.095661
33.970023 249 0.637958 0.053553 -5.096047
33.990000 250 0.641061 0.061231 -5.096432
34.020083 251 0.645695 0.072674 -5.097204
34.040009 252 0.648785 0.080303 -5.097204
34.060068 253 0.651935 0.088073 -5.097589
34.080032 254 0.654995 0.095603 -5.098360
34.110064 255 0.659643 0.107040 -5.098360
34.140087 256 0.664329 0.118573 -5.098360
34.170074 257 0.669093 0.130296 -5.098360
34.200039 258 0.673741 0.141734 -5.098360
34.250095 259 0.681564 0.160987 -5.098360
34.270034 260 0.684707 0.168705 -5.099131
34.290094 261 0.687779 0.176230 -5.099903
34.310102 262 0.690911 0.183897 -5.100288
34.340076 263 0.695590 0.195321 -5.101059
34.360075 264 0.698715 0.202936 -5.101830
34.380072 265 0.701817 0.210503 -5.101445
34.400026 266 0.704595 0.217370 -5.096818
34.430064 267 0.709320 0.228998 -5.098360
34.450018 268 0.712496 0.236814 -5.098360
34.470060 269 0.715594 0.244439 -5.098360
34.490075 270 0.718682 0.252013 -5.099517
34.510039 271 0.721790 0.259634 -5.099517
34.530008 272 0.724897 0.267255 -5.099517
34.550058 273 0.728021 0.274926 -5.099131
34.570041 274 0.731131 0.282546 -5.099903
34.590059 275 0.734185 0.290022 -5.100288
34.610074 276 0.737299 0.297641 -5.100288
34.640102 277 0.742007 0.309165 -5.100288
34.660047 278 0.745165 0.316877 -5.101059
34.680075 279 0.748284 0.324493 -5.101059
34.700193 280 0.751403 0.332110 -5.101059
34.720170 281 0.754522 0.339726 -5.101059
34.740196 282 0.757680 0.347438 -5.101059
34.760057 283 0.760844 0.355148 -5.101830
34.780050 284 0.763969 0.362762 -5.101830
34.810094 285 0.768689 0.374225 -5.102987
34.840092 286 0.773414 0.385687 -5.103373
34.860072 287 0.776573 0.393343 -5.103758
34.880054 288 0.779450 0.400391 -5.099903
34.900084 289 0.782471 0.407826 -5.098360
34.930069 290 0.787166 0.419355 -5.099131
34.960028 291 0.791948 0.431071 -5.099903
34.980031 292 0.795064 0.438689 -5.100674
35.000043 293 0.798180 0.446306 -5.100674
35.030073 294 0.802902 0.457825 -5.101445
35.050067 295 0.806046 0.465487 -5.101830
35.080092 296 0.810680 0.476763 -5.102216
35.100099 297 0.813807 0.484376 -5.102216
35.120072 298 0.816935 0.491989 -5.102216
35.140085 299 0.820108 0.499695 -5.102987
35.160050 300 0.823298 0.507449 -5.102601
35.180074 301 0.826389 0.514966 -5.102601
35.210094 302 0.831148 0.526525 -5.102987
35.230058 303 0.834305 0.534182 -5.103373
35.260096 0 0.837433 0.541905 -5.097204
35.279980 0 0.837610 0.542333 -5.104529
35.300017 1 0.837531 0.542143 -5.107614
35.320040 2 0.837798 0.542756 -5.124193
35.340066 3 0.838485 0.544252 -5.142701
35.360043 4 0.838908 0.545133 -5.160051
35.380062 5 0.839000 0.545317 -5.176245
35.400063 6 0.839024 0.545363 -5.192053
35.420057 7 0.838803 0.544956 -5.210175
35.440051 8 0.838626 0.544642 -5.224441
35.460032 9 0.838497 0.544420 -5.239478
35.480075 10 0.838179 0.543891 -5.252587
35.500068 11 0.837879 0.543411 -5.271480
35.520058 12 0.837376 0.542634 -5.287674
35.550075 13 0.836734 0.541702 -5.315435
35.570061 14 0.836103 0.540825 -5.335870
35.590006 15 0.835359 0.539840 -5.359004
35.610088 16 0.834591 0.538873 -5.383680
35.630116 17 0.833930 0.538085 -5.410670
35.660110 18 0.832852 0.536909 -5.454239
35.680118 19 0.832135 0.536172 -5.484313
35.700124 20 0.831579 0.535637 -5.516316
35.730148 21 0.830266 0.534482 -5.561812
35.750119 22 0.829908 0.534188 -5.596899
35.780083 23 0.829162 0.533640 -5.649336
35.800122 24 0.828779 0.533379 -5.684423
35.830140 25 0.828427 0.533166 -5.739174
35.870139 26 0.828244 0.533072 -5.810889
35.890141 27 0.828151 0.533029 -5.847133
35.910108 28 0.828056 0.532989 -5.881834
35.930117 29 0.827960 0.532952 -5.916535
35.950129 30 0.828008 0.532969 -5.950850
35.980157 31 0.828107 0.532997 -6.002516
36.000118 32 0.828157 0.533010 -6.036061
36.020119 33 0.828207 0.533021 -6.069605
36.040121 34 0.828258 0.533030 -6.102378
36.060104 35 0.828360 0.533045 -6.133995
36.080095 36 0.828360 0.533045 -6.166382
36.100086 37 0.828360 0.533045 -6.197228
36.120089 38 0.828514 0.533053 -6.229230
36.140095 39 0.828462 0.533052 -6.260461
36.170141 40 0.828565 0.533050 -6.308271
36.190126 41 0.828617 0.533047 -6.339502
36.210100 42 0.828668 0.533042 -6.370733
36.230087 43 0.828821 0.533024 -6.401964
36.250100 44 0.828923 0.533009 -6.432810
36.280089 45 0.828923 0.533009 -6.478307
36.300100 46 0.829023 0.532986 -6.507610
36.320102 47 0.828973 0.532999 -6.536527
36.340116 48 0.829023 0.532984 -6.563903
36.370113 49 0.829121 0.532952 -6.603231
36.390059 50 0.829121 0.532952 -6.627136
36.420095 51 0.829216 0.532914 -6.660295
36.450072 52 0.829452 0.532813 -6.689212
36.480066 53 0.829406 0.532834 -6.712732
36.510113 54 0.829220 0.532923 -6.728926
36.540089 0 0.828989 0.533036 -6.740878
